2.866403084214057984e+00
1.447840013659147829e+00
1.232889995802881389e+00
2.044137262233578056e+00
9.684215447201389715e-01
1.749491342471210631e+00
1.784778670482313423e+00
1.351288271029063681e+00
2.426054546460310934e+00
1.741258369775095849e+00
1.571416556517544194e+00
9.500110500648288880e-01
1.128370125312863070e+00
1.565685917919594994e+00
1.699601533582320023e+00
1.493133289732610613e+00
1.065005862711130291e+00
2.253520384676933386e+00
1.623856888364030304e+00
1.953213757801708583e+00
3.571450036841314901e+00
1.363446190767398480e+00
1.659323682405890565e+00
1.681526332403010304e+00
2.471439361438371396e+00
2.373637384365391956e+00
1.903289339950133385e+00
1.515124423363357842e+00
2.322224774538109937e+00
1.942608619644434320e+00
1.156034639136666486e+00
1.765807107411760501e+00
1.388461078075920119e+00
1.507205764487058897e+00
1.318698736307779784e+00
1.341841713865423058e+00
1.156952017154512458e+00
1.574621906659359860e+00
1.499329239404993519e+00
1.526085581636796862e+00
1.645994816472736710e+00
1.265227949664144314e+00
2.067056833190378917e+00
2.001370497250902769e+00
1.452624112677002977e+00
1.602546489999168378e+00
1.156812230540548159e+00
1.561437663349972027e+00
2.043949342147851844e+00
1.426346334280283124e+00
1.248486218199422071e+00
1.142233012251020696e+00
1.052472595058647986e+00
2.781383414084869887e+00
1.808865878102983382e+00
1.145731555683891845e+00
1.379918285413648471e+00
1.613057980278895132e+00
1.295468493857263148e+00
2.038330752656638545e+00
1.555096381964669261e+00
1.681205230123067329e+00
2.806966269305727568e+00
1.127251380781001622e+00
1.036688362180746337e+00
1.551501228220058648e+00
1.588450619828609023e+00
1.451423895884643267e+00
9.556329898200571771e-01
1.420750842412330961e+00
1.652833775127881877e+00
1.702096146243120112e+00
1.808956633892099708e+00
1.826867894776409873e+00
1.902696175946984924e+00
1.965760515419770371e+00
1.323992552399582578e+00
1.224773399697012710e+00
1.267068933518277873e+00
2.314815545888959214e+00
1.657300938637214838e+00
2.690877740873300450e+00
1.952826042299972364e+00
1.973969133522327724e+00
1.671876659521223996e+00
1.688489744539680482e+00
1.281440656538821887e+00
3.164278080401750959e+00
1.373177628118011917e+00
1.735659159001360807e+00
2.624010803849400997e+00
1.179316095550126287e+00
1.047010206950707012e+00
1.934563194552449961e+00
1.860452972182194742e+00
2.331493308184866997e+00
2.400721329093797873e+00
1.867022580501318307e+00
2.089750809039667256e+00
1.196285815026388644e+00
1.403624983847290952e+00
1.874163490467122717e+00
2.005711098531968162e+00
1.334530328827626233e+00
2.323521678201572183e+00
1.664023733950475537e+00
1.371057143656486454e+00
1.873802282034962463e+00
1.614830111576984306e+00
2.156269531715030663e+00
1.435450482124600358e+00
2.134891553395085850e+00
1.768798138784188456e+00
1.498226951488618397e+00
1.100879251922281865e+00
1.939497221850441599e+00
1.967031330130834643e+00
1.715068532035064042e+00
1.605530145030432010e+00
1.869873875355173354e+00
1.830704259158861147e+00
2.156971310311844636e+00
1.933826614152692747e+00
1.564071081533176866e+00
1.676498317614189437e+00
1.199786260567734075e+00
1.604338215458828820e+00
2.365103183489284167e+00
1.565631137608592738e+00
1.702673758164050755e+00
1.794927453378773130e+00
1.423795981156213086e+00
1.146490091260474742e+00
1.660374280035018968e+00
1.385138515433727013e+00
1.876163319110656591e+00
2.099425493336680049e+00
1.654589535232664277e+00
2.610170034323267441e+00
1.713167591105364096e+00
1.987383292003199076e+00
2.444008615296595188e+00
1.095491239453468602e+00
1.969390939622708725e+00
2.163766224116516756e+00
1.441972676392957453e+00
1.225470807687766506e+00
1.099811897988896225e+00
1.509123396653375471e+00
1.671846264736042809e+00
1.729010629560657097e+00
2.400945049507169582e+00
3.018834725877713066e+00
1.321576610489249903e+00
1.912494743096500471e+00
9.441895888354738808e-01
1.748341533357156585e+00
1.867632399662027654e+00
2.403780828266707914e+00
1.355319441404877701e+00
1.810556387556795821e+00
1.687279399448388562e+00
1.224296083307083061e+00
2.360534466144478483e+00
1.973780094715773981e+00
1.288667971613799645e+00
1.871079408233012220e+00
1.239674093984856285e+00
1.546591370910491481e+00
2.121809685192138417e+00
1.911674267071198585e+00
1.916112525270162070e+00
2.398374317394327715e+00
1.581043378950120148e+00
1.101745342552404194e+00
1.322276610901531813e+00
1.260792198388234420e+00
1.157485071622899042e+00
2.012767263880158364e+00
1.473847743894189488e+00
2.507096164282796469e+00
1.256973593582949134e+00
1.679641012220647101e+00
2.676679933012640955e+00
1.980616898658836833e+00
2.186099230261765225e+00
1.722608819583409501e+00
1.980348380888512949e+00
1.689816853713399292e+00
9.840577623566154619e-01
1.501077472987971229e+00
1.150696084338131753e+00
1.279296459206193726e+00
8.650461368870797640e-01
1.636403181343795143e+00
1.656895089001510168e+00
1.980822562238801154e+00
1.560485066337120141e+00
3.076288291835998390e+00
1.282923042584580342e+00
2.519729929517244837e+00
1.748255421714348223e+00
2.029776571885309799e+00
1.331393258207052455e+00
2.156743628106039701e+00
1.592167772507518508e+00
1.681740508443064996e+00
2.351134125765979466e+00
1.600297924019245865e+00
2.815423698807365760e+00
1.398647424084124236e+00
9.606865090455847245e-01
1.485397430427509047e+00
2.612545199177973121e+00
1.754813701850905572e+00
1.359105841488549515e+00
1.645773869335652284e+00
2.512893280587360501e+00
1.086039113803421774e+00
3.504337604140878248e+00
1.332521736163110759e+00
1.793125523874896210e+00
1.345405851994255553e+00
1.428072612475738357e+00
2.106673803889858032e+00
1.437381465720703133e+00
1.976133366216625165e+00
1.822784490364474319e+00
1.976001665580503941e+00
2.229410007583477515e+00
1.128107211929706200e+00
1.018386370184521716e+00
8.046047057921713597e-01
1.792100322017444958e+00
1.514853080211348901e+00
2.127786574979700696e+00
9.786242131778117859e-01
2.092083720141845404e+00
1.986951285446188598e+00
1.331307840626150485e+00
2.232974345549543660e+00
9.149340043231488639e-01
1.186922267580549972e+00
1.364366365895363531e+00
2.251283024958570689e+00
1.807304269747723291e+00
1.948147140284345991e+00
1.450366486379176090e+00
1.816437599682164006e+00
2.134566274328751234e+00
1.411257340126386373e+00
2.093504843045321362e+00
1.479051929955739864e+00
1.864090581207477726e+00
6.380574896951124453e-01
8.460934232743776429e-01
1.483609508716642766e+00
1.384113913975983490e+00
1.554653580478640329e+00
1.236901765050663515e+00
1.275954543595038349e+00
1.878684521413348518e+00
1.807018711076031625e+00
2.691585565595182583e+00
1.593477915638368270e+00
1.067537122833062346e+00
1.151324935867827248e+00
1.332247120573638588e+00
1.035670652840410488e+00
1.289948401135226907e+00
1.322822968140491273e+00
1.361666687166494194e+00
1.443911332346610843e+00
1.800612622560144649e+00
1.653527427886688717e+00
1.593155748386621884e+00
1.379518273805860229e+00
2.565733351894489367e+00
1.095315071487390046e+00
2.062987617304766097e+00
1.750258736649748847e+00
2.022345659432358111e+00
1.441761433819849891e+00
1.781334843188701500e+00
1.915316801562690463e+00
1.572042985615314192e+00
1.393477711437872246e+00
2.035708912676935878e+00
1.064967818308153014e+00
1.667608459027262846e+00
7.990734453144714422e-01
2.037132729429909084e+00
1.365212632502210033e+00
2.450516465012296585e+00
1.447897515974991833e+00
1.334750445127956375e+00
2.252842792637505642e+00
1.066579002582927149e+00
1.100023283925411599e+00
1.447522214576485666e+00
1.883959469444206558e+00
1.719961914217632337e+00
1.152229348152538524e+00
1.405887017336239664e+00
1.321244832100663125e+00
1.031890545351819011e+00
2.301243219722388211e+00
3.045561941952931395e+00
1.540514809638981797e+00
1.076680337712132118e+00
2.107133221373922449e+00
1.772557952050340946e+00
1.919000144620204962e+00
2.254612754849582679e+00
1.760520610774244377e+00
1.437668439039462731e+00
2.269268385929818166e+00
1.767545982640218671e+00
9.835207164197447005e-01
1.304214444998373246e+00
1.132061982341914685e+00
1.738663787127554095e+00
1.105361994475363208e+00
1.907195386375790669e+00
1.194201496378613170e+00
2.074001860351027293e+00
1.960356689655776030e+00
1.512865285595985432e+00
1.796529372230336596e+00
9.194427397812188207e-01
1.573650538776671937e+00
2.347617274236355467e+00
2.146523283600702214e+00
2.554899441224428358e+00
1.286581244233391041e+00
1.683178259813427058e+00
9.317328578476363754e-01
1.335173114727829846e+00
1.479043362822231700e+00
1.612212649417997357e+00
2.492866030285727064e+00
1.383633355968163947e+00
2.359854383422204549e+00
1.399601908808419060e+00
1.785595700239113848e+00
1.581043646235098077e+00
1.285987614368973908e+00
1.148035990749425972e+00
1.606705016754168325e+00
1.331700932017039429e+00
1.835359700317058751e+00
1.655770424858928003e+00
1.609615250633596117e+00
1.373975328421445541e+00
1.655644107484718575e+00
1.847364473239610616e+00
9.384721138985582245e-01
2.056789413279854095e+00
1.357211619408197345e+00
2.218549356460638222e+00
1.165069656033915768e+00
1.216813702086413151e+00
6.342051207998818940e-01
1.434630779276740764e+00
1.865150274293582600e+00
1.211862320963152717e+00
1.779173953956302290e+00
1.073487660969634661e+00
1.172956156399404204e+00
2.354281614020967695e+00
2.378990245141212156e+00
1.807664834900069684e+00
1.424725624742617880e+00
2.081693063139363531e+00
2.746512237545879032e+00
1.707044801910349463e+00
2.151137005964383064e+00
2.565404195906875628e+00
9.672284890922732137e-01
1.524152755267184967e+00
1.876350657475366335e+00
1.536486685472103098e+00
8.937354221373113861e-01
1.533410316965746478e+00
1.470247253274840737e+00
8.891827149341877679e-01
9.425769996171966536e-01
1.425181704256432980e+00
1.810798367520537244e+00
1.036350919419903649e+00
1.871070295350308221e+00
1.596415342806921212e+00
1.454777766207381529e+00
1.355870789170284585e+00
1.073989752490427829e+00
9.357125217215862545e-01
1.869617833923689743e+00
2.518827079217952569e+00
1.323263336768200960e+00
1.629759417305251201e+00
6.878612093401953453e-01
1.909251866956921617e+00
2.041877657333692753e+00
1.663933550610533496e+00
1.428053544862730506e+00
9.157759136125394051e-01
1.299298174519295523e+00
1.460533827699415088e+00
1.073075126088049114e+00
1.198112317314484088e+00
1.442194527547152161e+00
2.068812933177156310e+00
1.909925097361707458e+00
1.502570772900762464e+00
2.298890807473805253e+00
2.272255992750216169e+00
1.903271212196137041e+00
1.797468054683636574e+00
1.622654744426138773e+00
2.255014707191332679e+00
1.330738035043805167e+00
1.234380800130689293e+00
9.444033277852477148e-01
8.682797264159715089e-01
1.354843225718021849e+00
1.181063693553480842e+00
1.139452436218375997e+00
1.904648983889772218e+00
1.288022751771188856e+00
1.896740591615994065e+00
1.132161502563421296e+00
1.717120489292750074e+00
1.658475183770208305e+00
1.586459700621680513e+00
2.165949050913363649e+00
1.546117566593971926e+00
1.768862855222059327e+00
2.260666080362003783e+00
1.290292585653068258e+00
1.407648870840840782e+00
1.363993504261440171e+00
1.317039024479255804e+00
2.198988955198275530e+00
1.646028053791288137e+00
1.539325886624697270e+00
1.136820959829042188e+00
2.245922285196551904e+00
1.494468768436761463e+00
2.018317927378517673e+00
2.493769011238656130e+00
1.441700133022039365e+00
1.764262688553791536e+00
1.130408772201525025e+00
1.155371744918292087e+00
1.138947064227944894e+00
7.632847454614866134e-01
9.880617636868903597e-01
1.532770133187707495e+00
1.473579488769493739e+00
1.643328241301173387e+00
1.510763712257746638e+00
1.487124096682230112e+00
2.202470563276071491e+00
1.789421668173319713e+00
1.625634126200246721e+00
1.654879912583909540e+00
1.575088276325937509e+00
1.770502799165454721e+00
1.454111407465978889e+00
1.144522106017116014e+00
1.652512156109646080e+00
1.891208628212441401e+00
1.922207242982569841e+00
1.739040278524929928e+00
9.322746161626273009e-01
1.447610106001636199e+00
1.836490198630576609e+00
2.166575444125153016e+00
1.343500463853369853e+00
1.976425001356303390e+00
2.119481755358327391e+00
9.641347986819704952e-01
1.345415789540079787e+00
1.284290437932201545e+00
1.581513011865198992e+00
1.620771488282622963e+00
1.507642336725958376e+00
1.762639497019785173e+00
2.869668914947145044e+00
1.554830325934399404e+00
2.022963471539700464e+00
1.753812132186338468e+00
7.846128962970496667e-01
1.853590541983149986e+00
2.527367922944911527e+00
1.594473507165032444e+00
9.655541020143970643e-01
2.935415256109805693e+00
1.315612870820739966e+00
1.191664566045766982e+00
9.622833719447224654e-01
9.615439722339945705e-01
1.843850175188022522e+00
2.042017058553336817e+00
1.343453168144634446e+00
1.376060930658664860e+00
1.775726992005355998e+00
1.268921469229824961e+00
1.512217728816054318e+00
1.814608982081028499e+00
1.872454888106224180e+00
2.210246109070619802e+00
2.080016822620233796e+00
1.760242520056761295e+00
1.957027225522658620e+00
1.043222352719380464e+00
1.764861991410397790e+00
8.100993828008260511e-01
1.283581046819516347e+00
1.964919194204747921e+00
2.073345418455954547e+00
9.132490592988066203e-01
2.363106625272418437e+00
2.171830654001428051e+00
2.218127634773018553e+00
1.334200009417190191e+00
1.175139777235080674e+00
1.621218495632332113e+00
1.463201085168579718e+00
1.215186750973452856e+00
2.418091777681231402e+00
1.888375708083176452e+00
1.769376990866699195e+00
1.505754331274423041e+00
1.437866461484236247e+00
1.719083438080255100e+00
1.293577995634288769e+00
2.191555339826129600e+00
1.124762429826648535e+00
2.356472491081326837e+00
1.915718602604417731e+00
1.323294746608063566e+00
1.236759009144582588e+00
2.201156814722055266e+00
1.747973703803620271e+00
1.582394558131788420e+00
1.706243090608850821e+00
1.615580246231298922e+00
1.348651481530988461e+00
1.296161856786781419e+00
1.327662473125552856e+00
1.811250659471013602e+00
1.694011136647883831e+00
1.109115028722333696e+00
1.332183733156390160e+00
8.454539153581859257e-01
1.250176514937673344e+00
1.705660169203248033e+00
2.099182799290224999e+00
1.724708085327368856e+00
1.530207594809896321e+00
2.092665498460783091e+00
1.553489500137162027e+00
1.071053162638062162e+00
1.366949687937806690e+00
1.571134930555952547e+00
2.250018379390838597e+00
1.835804029021507189e+00
1.183371501532674674e+00
1.623644496169332818e+00
2.655034242257061194e+00
2.611780304011803278e+00
1.645300405798553189e+00
2.238160478140636567e+00
2.537514247392496092e+00
2.027515641473974117e+00
1.507867150029264636e+00
7.100079247998991594e-01
1.281659091252945970e+00
2.513993743516930834e+00
1.703674456617059407e+00
1.541338902663905275e+00
1.206514331478752755e+00
1.669190296830838749e+00
2.216154351418240687e+00
1.770634256439206577e+00
2.281720853309301855e+00
1.240347938680123496e+00
1.479599019476192767e+00
1.191834639845272825e+00
7.203987060244658736e-01
1.673992226847706766e+00
1.630555732920944578e+00
1.053726983474224665e+00
1.383243840343208131e+00
1.679540390755144941e+00
1.037147718525364803e+00
1.271155375956512623e+00
1.848006273791947818e+00
9.991742112922932240e-01
1.593030218897445671e+00
1.887895752828071538e+00
1.563531217785243177e+00
1.852657067989462725e+00
2.098467774128565111e+00
2.780341579587031209e+00
1.084326197708028294e+00
2.208581533959041110e+00
1.848227188100838747e+00
7.901316548640519022e-01
2.203095938173611934e+00
1.183082580444573928e+00
9.256279503085065308e-01
1.620227652213503955e+00
1.557955615507702340e+00
1.651889583133091532e+00
2.002156361208678348e+00
1.500751267905647390e+00
2.151013593835933602e+00
1.449389900770738926e+00
1.370852647157005944e+00
1.116210728326263224e+00
1.225812599040914330e+00
1.113213820588405456e+00
1.531305220756202790e+00
1.193134255632686047e+00
2.367431623633951432e+00
1.965872636644129701e+00
1.014676494631997716e+00
8.902200264969851728e-01
2.010133364200205719e+00
1.584386492379936229e+00
8.924468497726907312e-01
2.378669232740385109e+00
1.565003155916151023e+00
1.611977005127891438e+00
1.841574965056282487e+00
1.131802398840742185e+00
1.941475401469471507e+00
1.542644661486035185e+00
1.612100287459926395e+00
1.067723185068255365e+00
1.238136474377810714e+00
1.712229945439981194e+00
8.478565901773480462e-01
1.710189956561041891e+00
1.787100964107809498e+00
9.497900362697158094e-01
1.479606035832034650e+00
1.696708077270036030e+00
1.260772576749251916e+00
1.018084251517844319e+00
1.162695500106454283e+00
1.135847379787128020e+00
1.564354463206223178e+00
2.699723627133232551e+00
1.399091366546175497e+00
1.586985469046050756e+00
2.193095305607076106e+00
1.034234550220537674e+00
8.482597032696543859e-01
1.104937657920687544e+00
1.158605367680388909e+00
1.379056470988202054e+00
2.219552410340835280e+00
1.978269705399490874e+00
1.580729410630712151e+00
1.265017323436131491e+00
1.076275773280467085e+00
1.608331302473807067e+00
1.327619623799602744e+00
1.226964931580959872e+00
1.791216337733973152e+00
3.140564533173324957e+00
2.089274273266202187e+00
1.407602425698429194e+00
1.617033405173201821e+00
1.066227129393806150e+00
2.804546170460715970e+00
1.530962937542707847e+00
1.624032576047726995e+00
1.842830298144296108e+00
2.119456734751550719e+00
1.276806454762368981e+00
1.282326556523700978e+00
1.599139665989579129e+00
1.486332658142804020e+00
1.899802696094280874e+00
1.901833071605507852e+00
1.867366502771905967e+00
1.099351787174591477e+00
1.832883488603387789e+00
1.598709292635800860e+00
1.200150486058212396e+00
1.283597177146353241e+00
2.199413880382758979e+00
1.724434630514648514e+00
2.045165432022950647e+00
2.119435207456435322e+00
1.329186630806802771e+00
1.125214119976487792e+00
1.232649312221847815e+00
1.630080113955888477e+00
1.915834890169703097e+00
1.728738214410594720e+00
1.417044994682912007e+00
2.391369883540380936e+00
1.146710049155644118e+00
8.999825123046093500e-01
1.292971368873065519e+00
2.009533147206486348e+00
1.821089073569789996e+00
1.439922253647172079e+00
1.154645590806776090e+00
1.223956280799621599e+00
2.138357988764608919e+00
9.849638202134930465e-01
1.590143222242416110e+00
1.540167380397531760e+00
2.239405228957282112e+00
1.134967412590812685e+00
1.681955644657872284e+00
1.610565117547557934e+00
1.874404150599173313e+00
1.246891218148272307e+00
1.297026053461641348e+00
1.585120238512879975e+00
1.543376238873559236e+00
1.047253309605516769e+00
1.450540050240000323e+00
1.820173397232649704e+00
1.521517159822022514e+00
1.506062540130907790e+00
1.821139240667031256e+00
1.730588081111300580e+00
1.484779322720218175e+00
1.567434149116567088e+00
1.338906528072939084e+00
2.632834265235187932e+00
1.570127764801160897e+00
1.618978820515831085e+00
1.541163701674227227e+00
2.158801909938521391e+00
1.523754654612234249e+00
1.913127824390431275e+00
1.211072462852899490e+00
1.997477159254780865e+00
2.314624803185421076e+00
1.189683106282574787e+00
1.601288730139915018e+00
1.720318758558484484e+00
1.210301664471719940e+00
1.885386559393050998e+00
1.440262803116202361e+00
1.573147151336772076e+00
1.978679251400661254e+00
1.007774422269055448e+00
2.138550280175842033e+00
1.936809395955236157e+00
1.077643059426200312e+00
1.753205399641036166e+00
1.139325833788212838e+00
1.353729532573167527e+00
7.482546903317994769e-01
2.097481295901913789e+00
1.679242705158659588e+00
2.962574389260137941e+00
2.462593774421539372e+00
1.358742482882798086e+00
8.337251452710964239e-01
2.493754540110693529e+00
1.575441583128181167e+00
1.321934722738035362e+00
1.832137742758315202e+00
1.600856345978187933e+00
1.974778839166982047e+00
1.040854188336564290e+00
1.820209702732910273e+00
1.931251849881304494e+00
2.853823129961952976e+00
2.610657407933946406e+00
1.832857054176765921e+00
1.287207746204204639e+00
1.803998158698792542e+00
1.888047185668197958e+00
2.256681012682829390e+00
1.853088919751267438e+00
1.193558212173589483e+00
1.424841809358449174e+00
1.617514534546860006e+00
1.245479371048048955e+00
1.947073405232923049e+00
2.233725756425640974e+00
1.250368892957894218e+00
2.090218760533524733e+00
1.506151255251210186e+00
1.717498598529138887e+00
1.319512064382557526e+00
1.255100829890384073e+00
1.043792748597632603e+00
1.492758992060729595e+00
1.637699828891730380e+00
1.950082444745776966e+00
1.643723949242939408e+00
1.184130840454338474e+00
1.040691998245591110e+00
1.443475970631027838e+00
8.987998159612298199e-01
1.232447431443743913e+00
1.805283500400348684e+00
1.676514145628397623e+00
2.184988595717615389e+00
1.645713883807521594e+00
1.773442376246139540e+00
2.078482238736770960e+00
1.191279922332823205e+00
1.284701524588614197e+00
1.664766567511217543e+00
2.026293506893255714e+00
2.010879037633272137e+00
1.559553474779742377e+00
1.849762545575963202e+00
1.571738731112089837e+00
1.019360352415012105e+00
1.906846969336032593e+00
1.646719644061985122e+00
1.158332351814831851e+00
1.783278161578118137e+00
1.351958836554770116e+00
1.083379027934105565e+00
1.900388174928554941e+00
1.612284806929628278e+00
9.113227669702107514e-01
1.427979173311215266e+00
2.701106096225805775e+00
1.796429832822013184e+00
1.559534064904360084e+00
7.162234500988933217e-01
1.199788390893504531e+00
1.767906804514788766e+00
1.625641425318041122e+00
1.241314798640256845e+00
1.224963826171509007e+00
1.673934425668075265e+00
1.241746294296488529e+00
2.382319169853141183e+00
2.376383380952415969e+00
1.529252127603874634e+00
1.314729477382258205e+00
1.372408837926863079e+00
1.828472943910007587e+00
1.930607321509709484e+00
1.712745883104679123e+00
1.566699979747899540e+00
1.351767817145900441e+00
1.150754519292353173e+00
1.379061071559551266e+00
9.567453707167861143e-01
1.523167885054585557e+00
1.996586913723454426e+00
2.366518146005439860e+00
1.463650353384931435e+00
1.342208018174518180e+00
1.848407203998276183e+00
9.665239656276253255e-01
1.812234696724626115e+00
1.041255271893549494e+00
1.327529983754808240e+00
3.020395551823627400e+00
1.225501551625918228e+00
1.834967458844525501e+00
1.388184193067633077e+00
1.793252652390506352e+00
1.108271947786475087e+00
1.646920151205544025e+00
2.057232916185923521e+00
1.234970995766915491e+00
1.225612309047828807e+00
1.586872802069455801e+00
2.313417311481376970e+00
2.663739636899322250e+00
1.357553265967974321e+00
1.497006013566698046e+00
1.604152970692629632e+00
1.971668388761433244e+00
1.518295151281113364e+00
1.258926271749078785e+00
1.928849381693203524e+00
1.517608422583576644e+00
1.215351103545654565e+00
1.399441714202264153e+00
2.000469401954575233e+00
1.767994657457216068e+00
2.603663003266484921e+00
2.137150840732548129e+00
1.317831476645684896e+00
2.585414922107026392e+00
2.161226527543090636e+00
1.652045947283757421e+00
1.706122543799765134e+00
2.119366329380309111e+00
2.003784328246104973e+00
1.415793116749756386e+00
2.525535981013294684e+00
1.422770299152218865e+00
2.081853655477172715e+00
1.418219625563930553e+00
2.115497868737750142e+00
1.897218991972609903e+00
1.695345655038217991e+00
1.338810820802083690e+00
1.758272610739337827e+00
1.420346459377098247e+00
1.508419865913094293e+00
2.544876688817766741e+00
1.551737175348535391e+00
1.799384265801836413e+00
1.960753857730218375e+00
2.083031096730002751e+00
1.376828425775230569e+00
1.326683695101940730e+00
1.727799350147769974e+00
1.146720778155234877e+00
1.666926971225469067e+00
1.570104376966933390e+00
1.733115840211690850e+00
1.641016524715688041e+00
1.974285987839603296e+00
1.560435873382277849e+00
2.112844812802908478e+00
2.113032025031515992e+00
1.857682977158062299e+00
1.736142773273543716e+00
1.858352232131000203e+00
1.175785733521397258e+00
2.211409617954035678e+00
1.466504784264812900e+00
2.194305574426873129e+00
1.339759435657821296e+00
1.840209962647530118e+00
1.622744266212215125e+00
2.448350975297878040e+00
2.226767646192072903e+00
1.115688207026218626e+00
1.440122145651779872e+00
1.603959164949471328e+00
2.257489931226025259e+00
1.680671327385278468e+00
1.819949613764180407e+00
1.027944738223234511e+00
2.221845627488783226e+00
1.896785722790282236e+00
1.246949155254952979e+00
2.754113947070798929e+00
1.528195199395794512e+00
1.644930879635090992e+00
1.653358995912646234e+00
1.026728022267256568e+00
2.497833500500946435e+00
1.676472054252495569e+00
1.377630705354106810e+00
1.061161299637234823e+00
1.275595010670622642e+00
1.677928053198925129e+00
1.521183980639057243e+00
1.407897274185948344e+00
3.741689408260980176e+00
1.860775064403982881e+00
1.524163107332628719e+00
1.240749312985384156e+00
9.937760190026713181e-01
1.211330211888168362e+00
2.514344493640212175e+00
1.606617334570553890e+00
1.796990047042167804e+00
1.269307984703917924e+00
1.247623235738414937e+00
1.853651454297509993e+00
1.543571570220872768e+00
1.372256535448150627e+00
1.351099303974420796e+00
1.980674644120051786e+00
2.252096375784804483e+00
1.068894036651875545e+00
1.459533087125395090e+00
2.163195709879583983e+00
2.044724810296049355e+00
1.355756223161835639e+00
1.407762622578057288e+00
2.822539993743381270e+00
2.407139280626275024e+00
1.052654195338890153e+00
1.558357002619169096e+00
8.599623668914530006e-01
1.776966618458364788e+00
1.143970366569873720e+00
3.380239314567940134e+00
1.460455934104874398e+00
1.820386454067499660e+00
1.328662712532586054e+00
