3.999060747666653537e+00
2.418938649799940777e+00
5.338144917138277101e+00
1.820951553772435227e+00
2.266456696583631469e+00
4.276672649167064577e+00
2.134870975873689680e+00
2.793361363776741157e+00
3.031846230799234210e+00
2.415616459081168177e+00
1.440501440774273112e+00
2.432865896732732125e+00
4.267573132580673168e+00
3.131387734805759049e+00
4.232008958620594896e+00
6.514669879667994046e+00
2.020467432878679581e+00
2.489595431865701869e+00
2.171645890493274056e+00
3.339757235182625461e+00
2.414556299229114522e+00
3.358395146353776006e+00
1.601168760632546872e+00
2.591737646594539868e+00
3.401981258377923645e+00
3.533836628078727227e+00
2.979021795045484478e+00
1.943743034178123441e+00
2.453009724889488652e+00
3.426390545973100554e+00
3.258266741209740580e+00
3.088661880499999679e+00
2.961440760902914082e+00
3.563384576873065868e+00
2.770300591669297763e+00
4.243948566853709359e+00
2.349145984077958715e+00
1.902420555278427461e+00
2.421263467412158921e+00
4.007472501557215239e+00
4.575391751346089997e+00
2.791380754489818816e+00
2.687470341146939390e+00
2.273582592086394794e+00
2.694960068175836998e+00
2.620666192449158771e+00
2.095800185103740887e+00
2.824977808865321904e+00
2.591285988993242917e+00
2.064208407349799934e+00
3.971416481751994354e+00
2.066669179977534299e+00
3.101399673042057437e+00
2.602271983404463640e+00
3.055428552673160603e+00
3.066663014085142525e+00
4.632943687851025061e+00
2.316712046214953524e+00
3.819832908160105234e+00
4.094736686251646773e+00
2.638136093701896723e+00
2.128148159092801084e+00
3.648111616505234078e+00
2.202148953736292381e+00
4.012924906378948720e+00
2.631119392213562502e+00
2.315428206359766872e+00
5.616895893722532840e+00
1.988180061955067801e+00
2.212657631481663056e+00
1.728766194619683061e+00
2.809790496990146824e+00
2.168481754628508895e+00
3.027460408842413742e+00
2.499430733370493929e+00
2.056491552959523350e+00
3.225511507291110469e+00
2.815470008432096272e+00
4.085508041323184791e+00
2.810036374515088919e+00
3.710820156084821964e+00
2.847967713121554834e+00
1.909287759845879506e+00
3.674530016786896613e+00
1.572104393067665695e+00
3.337078786336836966e+00
2.161875244187607681e+00
2.614561036301985109e+00
2.499123086434614116e+00
5.370178863679906378e+00
3.222043869975156571e+00
3.543403841260290843e+00
6.971137882788608131e+00
2.632050995155734707e+00
2.525466271093213422e+00
2.429489244498737932e+00
1.365192184587565416e+00
2.564905643679274760e+00
2.971314441967502162e+00
2.426937179677195910e+00
3.665736921086137468e+00
1.838211643643030246e+00
3.999205306028058793e+00
3.814121820632130788e+00
1.709805806106630577e+00
3.235912922789699664e+00
2.655732692882898593e+00
3.273730183350676004e+00
1.799252839310665708e+00
2.837345162430788825e+00
2.357652943026875114e+00
1.923507622993811950e+00
3.277786814084713729e+00
3.801528384964962370e+00
4.168838794198135744e+00
1.274581772146395009e+00
1.955668279583796965e+00
4.029434119529905267e+00
2.244329377404239434e+00
2.640534922783582150e+00
2.624069978791975899e+00
4.010529061909409165e+00
2.274052727237089400e+00
3.150754444141466326e+00
5.766192339085528751e+00
2.538969706063452847e+00
2.120520959991603949e+00
2.044946419453583353e+00
3.227230849851062011e+00
4.738367190243354621e+00
2.364391627338700452e+00
2.043511533354735121e+00
4.059696038686061215e+00
2.435056818592174377e+00
2.997509130051145831e+00
3.055698711144439361e+00
3.290249976866842285e+00
2.335788099146190788e+00
5.738172483451053019e+00
3.252949861043835877e+00
2.180839834007648470e+00
1.726111018886616888e+00
3.256894609957296627e+00
3.570500324380615709e+00
2.795826661831737336e+00
2.666571412889964243e+00
2.109088990622499882e+00
1.868822552243128987e+00
2.954992124311134116e+00
2.097788696113351392e+00
4.012137978084497902e+00
3.974423329624305001e+00
1.811255601303768614e+00
2.872577740279389058e+00
3.197450924241635573e+00
5.323994457673880021e+00
2.313405649345147808e+00
5.407355915643516475e+00
1.457425985201361351e+00
2.543651911085451633e+00
2.077048512045747586e+00
1.571460796982201868e+00
3.732503596914288568e+00
1.234769432960114433e+00
3.880805739902573936e+00
1.847294433585652262e+00
2.522916539769990862e+00
2.636210446367161175e+00
2.312187094866218207e+00
4.818135077749186479e+00
2.021616239460895859e+00
2.721759922390265984e+00
1.971184343967296693e+00
1.813807651028064072e+00
3.972431111565624118e+00
5.913362264058441120e+00
2.343385755095101608e+00
2.614297358405186955e+00
3.342942430210461779e+00
2.837068477482052931e+00
2.650994462395821927e+00
2.410133789084500933e+00
3.301798210904518083e+00
1.932083773630978163e+00
2.853938756854075276e+00
1.920593875900703518e+00
2.330551534880735520e+00
1.187498654659864927e+00
3.934759954963258810e+00
2.296330610349517798e+00
3.638398849192507445e+00
3.538330336105807383e+00
2.491896167639040982e+00
2.301023446819429719e+00
2.794820018071541678e+00
2.496564070365114851e+00
3.265394587431899698e+00
1.944319381936132407e+00
2.892575653204864317e+00
3.589716168935101148e+00
3.662413004907107972e+00
1.978567408335545785e+00
1.645890192386703088e+00
2.254412932841852513e+00
2.783512950759531979e+00
4.645734241432392331e+00
1.596512198510931624e+00
1.592092651834436046e+00
2.214777832446254369e+00
2.006399984517833079e+00
3.008677243534434442e+00
2.300942359211406885e+00
2.487713020065057012e+00
2.617886137892426301e+00
3.400402681053815712e+00
2.342105530626245713e+00
2.683684119012991420e+00
2.712167441022085068e+00
3.764971975450534636e+00
2.171231121125427155e+00
2.349954955395660239e+00
2.179522132129628531e+00
2.296272183568766057e+00
4.075294926660291139e+00
5.363435493424390188e+00
2.611205787343320317e+00
1.707273636988045240e+00
2.687986616865448486e+00
1.455141830664906655e+00
3.394698957307448861e+00
2.576222965019595357e+00
3.606494098315035757e+00
3.310008778506172700e+00
1.460705982151690785e+00
2.650676824965948253e+00
2.264853955857732082e+00
3.819460564368948319e+00
1.310803783599851835e+00
1.846902971072013733e+00
1.747687862143594950e+00
2.726996075384941598e+00
2.552458748926979659e+00
2.772270552190272852e+00
1.295484459539680611e+00
3.440621149230052467e+00
2.406597973781689603e+00
3.444875888008551268e+00
3.289830464587220948e+00
2.610380582439240094e+00
3.172271336400019681e+00
5.263660249291099547e+00
2.501809602404700517e+00
3.229043534248725145e+00
1.765264228735586416e+00
3.374544994410381360e+00
2.283267082615886068e+00
3.229117145353443075e+00
2.308522095506865490e+00
3.383578790111125834e+00
1.971431294673390955e+00
2.114770381216859452e+00
2.336188600833307039e+00
2.537424621275397918e+00
3.646924123235557147e+00
2.315078447329717903e+00
4.321412059372479852e+00
2.786482102797778637e+00
3.752317276445495509e+00
3.714135195882552587e+00
3.001715401069397160e+00
2.861116297011975451e+00
2.291139674751238697e+00
1.897330843805481893e+00
1.816621900328072137e+00
2.202791692707903426e+00
2.430277345873376849e+00
2.848442769836529997e+00
2.330394586749457098e+00
2.688009047724586598e+00
2.211081373128551242e+00
2.923037555129400111e+00
2.822927595527266575e+00
2.571365587886420556e+00
2.773611519303057271e+00
3.588088188986780391e+00
2.660908000909449900e+00
2.612090671070522507e+00
5.589779150319567513e+00
2.968379672712314399e+00
1.782905126531832751e+00
3.375594362097199763e+00
3.422038400588566898e+00
1.680168331075045929e+00
3.757017429513397122e+00
3.091892822907474248e+00
1.934390848479538905e+00
2.244642677961677713e+00
4.588890344417751344e+00
2.059182290305814345e+00
1.747871709520691930e+00
4.510968753743356707e+00
1.698575389131065538e+00
2.543627879164917616e+00
2.256580217708641811e+00
4.175262695852939743e+00
2.346382241868445906e+00
1.993472868035025769e+00
4.441058044931966542e+00
1.708488874952980074e+00
2.803839830391385846e+00
1.705667453640034470e+00
2.350508184103650589e+00
2.064446588750383782e+00
1.748176417792330239e+00
2.981506583346292594e+00
3.717885718602394363e+00
2.935500468042897104e+00
2.268312214969184115e+00
4.019812108535743889e+00
2.744299222009654482e+00
3.462962903876658949e+00
3.636954365528759503e+00
4.038759875714950098e+00
3.527580709002675619e+00
3.933254058405299958e+00
1.814273376001113824e+00
1.885550094500743290e+00
2.009303045887908201e+00
2.294163834695694515e+00
2.836435361660561760e+00
1.715015951884585332e+00
2.723124202108980541e+00
1.606396174559216794e+00
6.702848950382052529e+00
1.693977084810732947e+00
2.732958645779870910e+00
1.868443322557921116e+00
3.302314490679073344e+00
2.611179003536493681e+00
1.923293198160176409e+00
2.285861485965978712e+00
2.694166334966354714e+00
3.046866900584405791e+00
3.693432341442524525e+00
2.233324930764426952e+00
1.402250401531123236e+00
3.600309737059951054e+00
3.433807790381240288e+00
3.008680968817670998e+00
2.785994832416892386e+00
2.073920993149402481e+00
3.559350560527427376e+00
1.701598070262650975e+00
3.166639873562479668e+00
2.416013804076753591e+00
1.485733534288857349e+00
2.903806130255155438e+00
1.728729958222707364e+00
3.008305500324574666e+00
2.976571730471023969e+00
2.326171442958652413e+00
1.437687142814950914e+00
2.177553967176892868e+00
3.646014372990657559e+00
2.258883264120119083e+00
1.561066789134052168e+00
1.953085599683997753e+00
2.491801251187797384e+00
3.896388835323343347e+00
1.681615809034590070e+00
1.773725477508885762e+00
3.661242634644643168e+00
3.732246085589733919e+00
2.764464802562822676e+00
3.525660547483097762e+00
2.620913246634572591e+00
2.547057546607458978e+00
1.762980831051648600e+00
2.417860523908180959e+00
2.919698206698834841e+00
2.798308742980919472e+00
5.203130775535017349e+00
2.739147392651728463e+00
3.368372313074138535e+00
1.388125238838261000e+00
2.349812374476107468e+00
2.711880828181307379e+00
3.135141864571453940e+00
2.655609172229329573e+00
3.894967712783691915e+00
2.948608568221297688e+00
2.987395508336293304e+00
3.168905602725759163e+00
3.403373489490423953e+00
3.270298123048745786e+00
2.735021235181830157e+00
2.736304797369836006e+00
2.027213419815281803e+00
2.491754975142402628e+00
4.259885710342722120e+00
2.159567657335303537e+00
4.088325661216175355e+00
2.984813787010050845e+00
2.383365506617727725e+00
2.874255446223859423e+00
1.725002991593582724e+00
2.353780045167289003e+00
3.428073272409504657e+00
1.827144216470580229e+00
2.573374512120987223e+00
2.005916103924950900e+00
3.697623232201194821e+00
1.323080438791426561e+00
2.257324446635625037e+00
3.763243113009405061e+00
2.175219806916147913e+00
2.903009379132549306e+00
2.394216256229292572e+00
1.800602269243389619e+00
1.737870282134828637e+00
1.522397432874422529e+00
1.591737648770657598e+00
3.018546832113188305e+00
1.460465854372725802e+00
2.315072415897904357e+00
2.438985995806095985e+00
2.222908708397945077e+00
3.153794790971517603e+00
2.322598823558035708e+00
2.194978361963383140e+00
2.665284768082014200e+00
2.571336952996073677e+00
2.385565960614618231e+00
4.100906930789345317e+00
5.745295008341332554e+00
2.070993853293090048e+00
3.116691189197303480e+00
3.604072795136802121e+00
2.196224872850811582e+00
2.581598852615080819e+00
2.462927476468439014e+00
2.290896098727601693e+00
2.563662465034956206e+00
1.871578263921270135e+00
1.943231907622516852e+00
4.116875468805712757e+00
2.352630488313538937e+00
2.540073373396491085e+00
1.772755506476324294e+00
3.031688534843752780e+00
3.691366792770812033e+00
4.095510334802667352e+00
2.653117741161680421e+00
3.622421885578826384e+00
3.544436193571301352e+00
3.406860529041706442e+00
3.613473483858839153e+00
5.303535132806671548e+00
2.806640445538053363e+00
1.949901859336716781e+00
3.175367608578907319e+00
2.318260059058215194e+00
2.986751396720918716e+00
2.626134845389090700e+00
2.439954673158484244e+00
2.875553874574904967e+00
5.799255383500716121e+00
4.114483145625976057e+00
2.820746491687538438e+00
1.707998964313487411e+00
4.365342121090928451e+00
1.947395295802766269e+00
2.236667701937698816e+00
6.099436996970516667e+00
2.703090989803754507e+00
3.251461096469322243e+00
1.549293488625570259e+00
2.801712467517609717e+00
2.349211423907875407e+00
3.343643868609988523e+00
3.071688050016886606e+00
2.432974623432537342e+00
2.175016384570903849e+00
2.509287076454924215e+00
3.199242080529912435e+00
5.567143616904021819e+00
3.977485519530793656e+00
1.779027967127078114e+00
1.903878767980824227e+00
4.077521238719685748e+00
3.599829022303759896e+00
3.240907173569364641e+00
4.080783521517484580e+00
2.357777183198759285e+00
3.029615799956888456e+00
2.347102327578427072e+00
2.246230623673358462e+00
3.874784203424321394e+00
3.236260670195500566e+00
3.598448536369464712e+00
3.053545001856263763e+00
3.031734851782514895e+00
2.605770390405173220e+00
2.009883835776484329e+00
2.437113065846232551e+00
2.906581656203210962e+00
3.022783175326523075e+00
2.157575900574950634e+00
5.084828086399208580e+00
4.055314231114730106e+00
4.398805482251398224e+00
2.606109991830853456e+00
2.272002667360556671e+00
2.160840874887712815e+00
3.232595734406774390e+00
2.656944804196320842e+00
1.855838276875182213e+00
2.403620242154497877e+00
5.184251226864692974e+00
2.484357859996267681e+00
2.144316914187638812e+00
3.462842353595390499e+00
2.086903059505807345e+00
2.299494319077239002e+00
2.753753395579246810e+00
2.151967634630135962e+00
2.248081694780788897e+00
5.518964495048195751e+00
2.478185540445241752e+00
5.208039959282766418e+00
2.279296858081927724e+00
4.397843113749684285e+00
3.944288994527096914e+00
4.371981256971978702e+00
3.828859745493227607e+00
2.171263177341915540e+00
2.076179483136384452e+00
2.463081080385665089e+00
4.731498776267937245e+00
5.614545889924689170e+00
2.755251602180289971e+00
1.912449297273758120e+00
2.941881907046019151e+00
2.205115851717220909e+00
1.399283769648587805e+00
2.432057939092695964e+00
2.089341070137452405e+00
3.129458983693196750e+00
3.725718661314022739e+00
2.571976034223404373e+00
3.156933107295801122e+00
1.860570893316946250e+00
3.984555033877492214e+00
2.533809613678893236e+00
1.636317392186577679e+00
1.806901697051833677e+00
2.149411554671180724e+00
2.658284467126749817e+00
2.864254904521652101e+00
2.618608620759719230e+00
1.853084065532391467e+00
3.089180531880845404e+00
1.527281702237879069e+00
2.445942086652321823e+00
3.322141446536962750e+00
4.864356197590327113e+00
3.373088896964544059e+00
1.457878814017909530e+00
3.156763889385034272e+00
3.013429372162816033e+00
3.594171924514608207e+00
3.824572101289731130e+00
2.479857943282468113e+00
2.182199979477384755e+00
1.430840962865853383e+00
3.134024310790043177e+00
3.008716813836552095e+00
3.044195588111402007e+00
3.213841777922704868e+00
2.471000606577659742e+00
2.109475739627625579e+00
1.579949813658293900e+00
3.106161994734159215e+00
1.499883926005158852e+00
2.661637134403289640e+00
2.332381993157472966e+00
2.475003090917159643e+00
2.652623464620874838e+00
1.914672170515502980e+00
1.445382610734840645e+00
2.581180799732150533e+00
5.407935979878106814e+00
3.057096996194403893e+00
3.946764250716324085e+00
2.553167624145260550e+00
1.442834702245907597e+00
5.953190782701645922e+00
2.600308597237701580e+00
2.429587569705212058e+00
3.740716556903014300e+00
2.405295067204062498e+00
3.822301109861641066e+00
5.393528049717313699e+00
1.980680164946820421e+00
2.047451442342158590e+00
3.469744049907977246e+00
3.530788822863480725e+00
3.834262940987421597e+00
1.849584534281800030e+00
1.217925206278739569e+00
2.684936243273928103e+00
2.033726879488808148e+00
4.045420775853842521e+00
2.119188415488173938e+00
2.773671141213054359e+00
4.981396290765027324e+00
3.003433219073022631e+00
8.617873997579174272e+00
1.706552306280529230e+00
2.719672869329127440e+00
4.313787611055239779e+00
7.071728042995319541e+00
3.081429321511813146e+00
1.868526381124681057e+00
2.067003798447437646e+00
1.943799864063133764e+00
3.009298952587057485e+00
3.916650800848790137e+00
2.294397288590847239e+00
1.690456066748022623e+00
4.044319302899445745e+00
2.722982729943975944e+00
3.761939684051150756e+00
3.015137153464979125e+00
2.436694215171093525e+00
4.096712618527477368e+00
1.734400185845954789e+00
2.435086819622684917e+00
3.076717367779490786e+00
1.803922366493037055e+00
2.803538755586393982e+00
2.414018469236359543e+00
4.468534929848133608e+00
2.931770817262649764e+00
2.743592782257131546e+00
2.605626740629622518e+00
3.008277389101467580e+00
1.954490650771127269e+00
2.023282744536058608e+00
2.586463467787631032e+00
2.419264092065002369e+00
1.861201964299400657e+00
1.773169916398302570e+00
2.045461445089996388e+00
2.493143467925573287e+00
2.752573633583704105e+00
2.794060206784448663e+00
2.161396927849043248e+00
1.632434954253069170e+00
1.982686293871624983e+00
2.098782026640745979e+00
1.807117034940170397e+00
2.975678175846209861e+00
2.508871559644982430e+00
3.110271302862452458e+00
2.121304422392464861e+00
2.110416318742407871e+00
2.068311286260646309e+00
3.998645491841059219e+00
3.507785073933180175e+00
3.153881165413301435e+00
2.129853205353189338e+00
2.426316792210338580e+00
2.766873291759779807e+00
2.362339174038352585e+00
3.032328446390275989e+00
2.897803950092499914e+00
2.174506932018894112e+00
4.613051815282930512e+00
2.328534569803657028e+00
1.115841407783191741e+00
2.454053807384161789e+00
1.741599586161729496e+00
2.264396159646214546e+00
3.216965143912399849e+00
4.879385891236259987e+00
5.643215595326051215e+00
2.360335573922487828e+00
2.299209791510377521e+00
2.022345792999374670e+00
3.376042459996907219e+00
3.167278465552026745e+00
1.453008980506647507e+00
6.501530458182509520e+00
2.667167570000805732e+00
1.263510221391334287e+00
1.496173021062182418e+00
2.594806235223819701e+00
2.723735481926517821e+00
2.665028493682207067e+00
3.016227798659901094e+00
2.114418339739520647e+00
1.998356460313021721e+00
2.301427848843736967e+00
2.383489777173712909e+00
1.865842329664209043e+00
2.446145960346221226e+00
3.232980592157088218e+00
1.623788076265715974e+00
1.955375825059099126e+00
1.789478683609570631e+00
2.645450527972065036e+00
2.340028101537702909e+00
2.216104259139404231e+00
4.657071621946834661e+00
2.711785747461458396e+00
3.570388071459605239e+00
2.074512690477642973e+00
3.223181151615186035e+00
2.726469519239686168e+00
9.377601252351821515e-01
2.498445171904916773e+00
2.365604399313402606e+00
1.556143776045789462e+00
2.608691321318310941e+00
1.454549775590224359e+00
2.716638396602558014e+00
2.358507100620834684e+00
3.245889426845911085e+00
2.762992541575587158e+00
3.027084345068480786e+00
1.981157950813218216e+00
2.929638204344409580e+00
3.352690806124894340e+00
2.630814035319935407e+00
2.073400199143931477e+00
4.555496695581300770e+00
2.720798587759076348e+00
2.417350214691734056e+00
2.375245805156659618e+00
3.174294076604602832e+00
2.673021234175588567e+00
3.262256447143629057e+00
1.363705615362527768e+00
3.481086906156277916e+00
3.414549070480041859e+00
1.949284035409814431e+00
2.403473817197914641e+00
2.906325921650418476e+00
2.744258242012988624e+00
3.373265922045453724e+00
1.876471198417639430e+00
2.588581405982643968e+00
3.725562969923102319e+00
1.463892017528845679e+00
5.737274545925821201e+00
4.966700618368268039e+00
3.462594621281095630e+00
1.890230610813278256e+00
2.729691375954181876e+00
2.849961588486526143e+00
4.248498749924219275e+00
5.237185318955528857e+00
3.471115356829741483e+00
1.709466710262091516e+00
1.214680309321851670e+00
2.670434557114846452e+00
1.512645816242313979e+00
3.011477182890032633e+00
1.605888890201519814e+00
1.980071031411529958e+00
3.027846877706747541e+00
2.458202034253107460e+00
1.718336199181372592e+00
2.731363420199116820e+00
1.772446092412635732e+00
2.490598355573647726e+00
1.583552579743504385e+00
4.219944670680009224e+00
3.110013586858149992e+00
2.514583931595462563e+00
1.569300497552467588e+00
2.690896776986604788e+00
4.403876797931967957e+00
4.391251721921204165e+00
2.382154726590810956e+00
2.289535515541201605e+00
1.755543100253831756e+00
3.040188520099462277e+00
2.090609502582083223e+00
2.670590786021560969e+00
1.874057629854095186e+00
4.650571509518167446e+00
3.949678068108855911e+00
2.327597859354213039e+00
1.855147652772174416e+00
1.580161039872493234e+00
2.676869928781978825e+00
3.210744589440104324e+00
2.084382381093810466e+00
1.866507639316798528e+00
3.823244776190628524e+00
2.313285950495302501e+00
1.720926860275323600e+00
3.775961952469609528e+00
3.770234360820302832e+00
4.183754054236366038e+00
2.654843734714604331e+00
3.545300774402387667e+00
4.067009882238648011e+00
3.717530052741066182e+00
2.320353856633030620e+00
2.407422823210784379e+00
3.261092583602448247e+00
5.911807777533127251e+00
2.491179000101173102e+00
2.096381333368631861e+00
3.062294785937204278e+00
2.265811220854709429e+00
2.831627171359345940e+00
2.094207050580195073e+00
1.774990043995180899e+00
3.270037800177172826e+00
2.737565351393103086e+00
2.875850407649189311e+00
3.778374892125039075e+00
2.650821469461643876e+00
2.814789690026570756e+00
1.768009343916313370e+00
2.369801338134573498e+00
1.965922078781632276e+00
2.300543386580958582e+00
2.022118856751349281e+00
1.430108339880220569e+00
2.676003228938785394e+00
3.499204238944493728e+00
3.088418919688784126e+00
1.922229671992365718e+00
2.418793964986730050e+00
1.975134859988674219e+00
2.323776145702579843e+00
2.151951971462999769e+00
4.082960192906151420e+00
1.471526570596424888e+00
2.357813670325189292e+00
4.886487923041514136e+00
4.188444301010292747e+00
2.766242304945624397e+00
3.048983029603577588e+00
3.170262872318458935e+00
2.008193443931611366e+00
2.502401804067148294e+00
2.780615372891106940e+00
3.365290595855673139e+00
2.466802580397454925e+00
4.356401807270143145e+00
1.213993870768302452e+00
1.900370058975613174e+00
4.560538020912087376e+00
2.186266097447729262e+00
2.744542560700554468e+00
2.238962656497542891e+00
3.204446897101309588e+00
2.106088957993311084e+00
2.464718746543084649e+00
2.029697781757211494e+00
3.213232849823952630e+00
2.980180462564263610e+00
2.833710868408765293e+00
4.713348186962575959e+00
3.054109352784250220e+00
4.359543992966741222e+00
1.759940313164724657e+00
2.610249318693895315e+00
2.849263280123672359e+00
4.510868884501398668e+00
3.721267882794311532e+00
3.656095518611826911e+00
2.563154697659682402e+00
3.209409765528796310e+00
1.821556160070146202e+00
2.280303683225946898e+00
2.357133089784117175e+00
1.875118827208943850e+00
2.687075072038427770e+00
5.636204796606898881e+00
3.283360130810653033e+00
2.708549026433336948e+00
4.584263215722759632e+00
1.751306366486365063e+00
3.943185207368796519e+00
2.122135907360493956e+00
2.005017492986868266e+00
1.384997001778456749e+00
2.238770071200566925e+00
4.146542015901373723e+00
2.127265837318010444e+00
2.929926628977754355e+00
4.052748734513131446e+00
3.299094524889114144e+00
2.483506955102170455e+00
4.047716356937289817e+00
2.261502345035676154e+00
2.729386388492013538e+00
1.947634670265349532e+00
2.987341523174199764e+00
5.603845941268556174e+00
2.199611156355550712e+00
2.045597675051795239e+00
3.447432890908741054e+00
1.699982646886148974e+00
4.309828023154195442e+00
1.558736963002902431e+00
2.495682699924249626e+00
3.792855418886662999e+00
2.202007698910618316e+00
3.704740443340661216e+00
5.427520916538689733e+00
3.173557165114321954e+00
2.731915168714718067e+00
2.857560618755419668e+00
1.243708349721531992e+00
5.239503311198597579e+00
1.962359645550187937e+00
3.080916697591962627e+00
4.403031394951633537e+00
2.153473966184114907e+00
2.231821633896094337e+00
2.850005825460721010e+00
2.270881651382055555e+00
1.860378282882686474e+00
4.518363929428501180e+00
1.610812157118752141e+00
1.879966798952519502e+00
2.910374381398484811e+00
3.495974221450298902e+00
2.560808936945803360e+00
2.843241650487305705e+00
1.723257440313267219e+00
3.979103299122012327e+00
2.172179589122464449e+00
2.306604140517975576e+00
2.170023740584183791e+00
2.057348670760491327e+00
3.404697215816733458e+00
2.319546355331884691e+00
1.888914737272775257e+00
3.199153264967366184e+00
1.653530748905600145e+00
2.322256954821714903e+00
5.032719392316881368e+00
2.082127370326404492e+00
2.233827937732195679e+00
1.502441205144419811e+00
2.125296102241529539e+00
2.075410100945787928e+00
2.535776683239777451e+00
2.525713294203149051e+00
2.560970710534326233e+00
3.522774894681726110e+00
2.820725097733312925e+00
1.855693854071684301e+00
2.280255161853916412e+00
2.931506838985012298e+00
3.280464865953314213e+00
1.673984030096953068e+00
1.910962992994217791e+00
2.818607676178943144e+00
2.998557570086981983e+00
2.740515313125962304e+00
1.354831149856764672e+00
3.052940572341494185e+00
3.030807833642773730e+00
3.106599569748508483e+00
3.002989027399156630e+00
4.141390047385093531e+00
2.907677934525284336e+00
3.177878711920631094e+00
2.517849371848321915e+00
1.485465103600895009e+00
1.343991754154701734e+00
2.246732555998570025e+00
3.123547133862122571e+00
2.488360823578094738e+00
3.236761283174099280e+00
1.621057718261602609e+00
1.734289683132991922e+00
2.698363112728170421e+00
2.891946462405246443e+00
3.546994610124791336e+00
5.524239606583741136e+00
2.012412760648209176e+00
3.243071633338587390e+00
2.928292615098918361e+00
2.462603659524854383e+00
2.191901176292843090e+00
2.752402566990571398e+00
2.895888627018057271e+00
1.689240916547278371e+00
2.536138183691933001e+00
