3.777065315262586598e+00
3.105824216674972771e+00
2.334985395616784309e+00
2.481614969356352951e+00
2.169739648468931748e+00
2.717314594949670870e+00
1.524417225532247899e+00
2.996826308496848945e+00
2.312622987911047812e+00
2.331290291194795916e+00
1.872969007597227398e+00
2.678302941141580629e+00
3.708239221379266315e+00
2.005434642380222066e+00
2.444858544494383779e+00
2.882509384518604723e+00
2.047553925969570976e+00
2.688635290204527628e+00
2.094479157845884121e+00
3.018108952650104815e+00
3.132311086549580459e+00
3.558160880307084994e+00
2.651395931639604076e+00
2.402498930135690269e+00
3.738290668067822509e+00
2.117782049811894218e+00
2.160624743555949134e+00
4.251718942864425088e+00
3.047550747323592546e+00
3.693487848752448510e+00
1.965820410261658990e+00
3.382417857893194935e+00
2.072831298397081579e+00
4.574240183988168340e+00
1.804745502665585200e+00
2.423570432504088323e+00
3.190127945263363074e+00
1.151670176460579675e+00
2.713297110297528292e+00
2.097963403546606376e+00
2.310921114023908984e+00
3.244048125084452838e+00
1.519330875247539403e+00
2.134396609058847538e+00
2.532158116449126695e+00
1.898390759484992030e+00
3.156776241354288803e+00
4.650230086348426717e+00
2.289693454911414516e+00
4.070699126008511470e+00
2.995012734580268177e+00
6.172079792254012709e+00
3.801150731429501217e+00
2.008197278265006158e+00
2.788898069157064619e+00
2.524905949958772933e+00
1.995086333083768038e+00
2.705447538501628557e+00
1.512337487850492490e+00
2.029868508098154667e+00
1.688984551489417951e+00
1.748827511690318692e+00
2.979859263510895584e+00
2.646306067135159701e+00
3.267605251984758041e+00
1.781288944812091435e+00
2.944519539907753281e+00
1.725427513365398680e+00
3.244603702516370092e+00
5.658294215738121302e+00
2.631960663936363964e+00
3.092393539881086895e+00
3.670388122198856351e+00
2.283379494573433366e+00
3.468720894412308908e+00
2.780225523942408739e+00
2.345910927564677007e+00
2.474581533610916040e+00
3.568823575336755649e+00
1.885566715252745329e+00
2.189676182232035195e+00
3.987010124892126139e+00
2.657529953840555681e+00
3.601395166646613522e+00
3.315172812346756981e+00
2.118506375057162217e+00
2.434291449338260360e+00
1.912467933669269593e+00
2.850082109923848250e+00
4.961679871347401516e+00
2.835001795063305963e+00
1.221484340273712776e+00
2.077477224384887133e+00
3.436234512021986376e+00
2.409936841083026415e+00
5.536026194458598226e+00
4.601247345733114003e+00
2.977337634634418251e+00
3.599467619446019562e+00
2.190129509859476631e+00
2.684557110061535745e+00
2.214326602501789143e+00
1.578284229290301433e+00
1.670510053470796841e+00
2.429643272788523323e+00
1.905063528014010243e+00
1.843368891622915839e+00
2.462833469370817152e+00
3.792651175065256730e+00
5.210529330469712228e+00
2.948196946896131987e+00
2.651067312480090088e+00
2.063124738704970262e+00
3.170728911436254904e+00
3.670748742318945546e+00
2.143377491389441669e+00
1.965322156149938992e+00
3.216154446734159844e+00
2.205192743595366878e+00
2.107410318157568518e+00
2.210596773528969994e+00
2.821312189472870990e+00
1.632455912064597392e+00
2.096931847684459171e+00
2.429484870697280030e+00
2.065339128945419489e+00
2.500700866494073527e+00
3.736356588759983222e+00
3.670371026478566723e+00
2.109970107839286513e+00
3.181528248374072998e+00
3.922701785924929130e+00
3.475876566440586402e+00
4.713021741351613336e+00
3.358504469019903294e+00
2.267661502813177687e+00
3.221014236018187482e+00
2.213091958579247009e+00
4.221233331888575080e+00
3.345112449468004012e+00
1.652406794909036636e+00
2.424347018970812950e+00
4.346664742745693033e+00
3.356788859802775526e+00
1.738550593046858550e+00
3.615656334092349766e+00
1.719617504552372500e+00
2.430924730156817759e+00
2.584570883855711987e+00
2.694332773465471398e+00
2.898211188144710349e+00
3.823367598716975735e+00
2.826398323672303370e+00
6.515464320287345679e+00
1.969125568305721163e+00
2.074204027525942795e+00
1.849249223032647382e+00
4.893935787564741347e+00
2.193543355622454172e+00
2.221767306877345582e+00
1.789944449392386172e+00
3.128491110230495309e+00
2.786709141428494352e+00
2.579283727546377136e+00
2.958198497478988553e+00
2.506398624677798725e+00
2.297748552004150291e+00
2.776896069834339453e+00
1.622207211694608242e+00
1.736550362457009777e+00
1.882882260953100850e+00
2.295150922411765659e+00
2.863898695517931081e+00
2.022713174362898769e+00
1.493639504650967620e+00
1.681359099929222278e+00
2.733683636630499070e+00
7.109916566657810577e+00
3.431262902840474194e+00
3.373521117827089633e+00
1.316848055531012918e+00
3.686110072703717488e+00
1.966420247567259194e+00
2.687943850983296024e+00
4.511255587066393957e+00
2.337843668372129979e+00
6.405101838303446371e+00
3.535325293766944821e+00
4.844235276578022109e+00
3.114871197926710966e+00
2.748476778805377663e+00
3.428528140412484770e+00
4.248273284771011404e+00
3.755359637556093588e+00
1.884119243619815087e+00
2.267378347572714503e+00
1.852822965151889045e+00
2.246534799873828536e+00
2.188789695091969190e+00
1.938254325036069758e+00
1.878197912904413958e+00
3.520416953692680817e+00
2.719214041112379743e+00
1.658952182632510874e+00
3.482589823824531194e+00
3.542658900879663619e+00
2.381728131660263426e+00
3.688572487284524470e+00
2.389261409479179310e+00
3.846086795635118794e+00
2.303599012664088619e+00
3.965440124737035443e+00
2.057344093287422293e+00
4.610368240875870605e+00
3.227376701443111173e+00
1.439064541823139365e+00
2.433531466745982197e+00
4.937272723047439804e+00
1.718415735196083149e+00
2.269729248167436264e+00
2.153218510760895654e+00
2.495822819221004352e+00
3.643939601363656688e+00
2.220055833721708449e+00
4.956516369755282092e+00
3.201331397326416806e+00
2.986799493943685491e+00
4.443197066092595016e+00
1.779898467355352176e+00
3.825597520939737262e+00
3.408874754690190301e+00
1.734473241130502164e+00
2.104099757379359392e+00
2.002163840785841309e+00
3.910232569902745592e+00
1.756745510387015763e+00
5.118689855358639740e+00
3.751251883962777089e+00
2.651614515126828664e+00
3.247361618698329622e+00
1.578276469026855588e+00
2.750846931463587275e+00
3.903348092693758709e+00
3.782011790218407832e+00
2.824635199144770237e+00
2.441201675054966547e+00
3.139119997328439382e+00
3.582332414343456950e+00
2.055373963111458924e+00
2.470692776080170461e+00
2.700692811518695446e+00
2.434974298973210161e+00
2.464595314728904363e+00
1.854174371844220737e+00
2.461076774210370743e+00
2.120952600355038076e+00
1.387828783569464042e+00
3.173016817407210421e+00
1.538246794683040708e+00
2.362161989341855950e+00
2.398534743992274620e+00
2.884508267485356381e+00
3.145049962499276042e+00
2.081770764996716316e+00
2.591765877332951717e+00
2.862463219438351025e+00
1.653854984661216498e+00
1.773765195639760428e+00
4.213390376700663964e+00
2.273190313087893877e+00
4.767070619230818984e+00
2.203359138207348966e+00
1.750633676548054352e+00
2.866576499526526600e+00
2.438125722300553910e+00
2.418503033657207979e+00
2.641064497252658683e+00
1.963572354568371869e+00
2.253012376624208724e+00
3.349445685221346558e+00
2.891779418411670299e+00
1.585778249830196440e+00
2.917478780733357091e+00
1.989154116583903509e+00
2.842675035308254383e+00
4.219684122868885723e+00
1.966997008927261703e+00
4.300788297179686026e+00
2.256941003401634838e+00
2.742464874984846812e+00
3.809882997931275828e+00
1.900232362638282657e+00
2.639241623647936574e+00
3.544195399091666587e+00
2.114444950226786357e+00
5.283799108098715003e+00
3.279497237222509742e+00
2.979535935460947194e+00
1.794548314396899658e+00
1.838644723866460273e+00
2.076112538747723946e+00
2.785717710767999566e+00
3.772598297825580538e+00
3.166225858016310291e+00
2.405516307719377078e+00
2.345865424950618117e+00
3.158314929065750398e+00
1.769803137889321087e+00
3.532669206912812498e+00
2.526097807157451136e+00
2.902579593303722394e+00
2.583477107119857674e+00
1.613928523413285410e+00
2.183277971736989009e+00
2.843109674939284126e+00
2.479939118041769586e+00
3.293996984043112697e+00
2.235230306141854584e+00
2.892169588560453697e+00
1.680522434599716952e+00
3.378198145197810032e+00
1.880023628498753041e+00
2.271738026239650043e+00
1.611032421216828991e+00
1.574552026886840261e+00
2.072974098587948344e+00
2.736007004397463138e+00
3.401324773163513893e+00
4.745116949607990797e+00
3.483193508248776826e+00
3.508917189173453188e+00
1.592882032551610205e+00
2.668209485090756061e+00
2.676213965235155534e+00
3.124025786884129463e+00
2.990186198067034340e+00
1.226318715373452717e+00
2.273520310393832400e+00
1.776500294350284559e+00
3.020379271534165078e+00
1.992095622717262371e+00
2.504662410570885456e+00
2.561001833025051688e+00
2.731696325321855578e+00
2.490324082607297651e+00
2.109996236426082916e+00
1.536363544597654451e+00
2.229873354682837316e+00
1.482598913358401660e+00
2.082154332406157327e+00
2.484129283284846057e+00
2.230230493692507920e+00
4.514809108979608077e+00
2.729737997143018902e+00
1.308162904320418596e+00
2.756477451772563647e+00
6.784510751651229299e+00
4.143989693981564137e+00
2.609565237270071059e+00
1.964468571877681535e+00
2.381283833071002665e+00
2.424039069226074261e+00
3.218792788708370267e+00
2.727848123861422724e+00
2.518667895038240179e+00
4.088278665039914550e+00
3.338694194704349361e+00
1.919844991668442358e+00
5.415835524748072949e+00
3.418210470379060784e+00
3.233342621504693870e+00
3.086248399883934290e+00
2.087522049231194998e+00
1.416075218922401735e+00
4.234487811239394439e+00
2.369694639872072184e+00
1.461638208874618705e+00
2.197489860621843594e+00
2.069229413535811357e+00
2.892052018540105074e+00
1.858254574089396316e+00
3.891794922819253433e+00
3.298186001277810142e+00
1.296725032297307401e+00
2.445981151109636098e+00
4.198186945047610585e+00
2.821288866145320817e+00
2.648542212346585156e+00
2.442272500510852762e+00
3.928003652589185712e+00
2.426540148180380996e+00
2.807642478886613446e+00
3.450721966126490070e+00
3.174463254692641900e+00
1.997929996049760071e+00
2.584700853645698349e+00
2.323429266260776949e+00
2.923842931041182869e+00
2.712328251673735036e+00
2.999007289676147270e+00
4.863631859415900927e+00
1.471666283220014027e+00
2.073280980893562830e+00
2.805283551753696702e+00
2.652491996463033797e+00
2.059884397263929134e+00
4.408076413787769710e+00
3.464674126386991126e+00
1.857899046575897328e+00
2.054059475919608246e+00
2.174663355087093741e+00
3.216655205159621556e+00
2.184692713433288080e+00
2.715645253868399500e+00
1.262186457083732227e+00
2.827786658867012637e+00
3.024497647849661242e+00
2.361162236471169074e+00
2.502376851078034647e+00
3.007325808955050306e+00
2.288116961095361113e+00
3.396532138127151601e+00
1.804881626683386919e+00
4.035907994289716250e+00
3.209862499567657235e+00
2.102637661362618093e+00
1.728718182743350873e+00
1.974776245603028668e+00
2.653114777828647242e+00
2.108506599638749535e+00
2.630368209561557258e+00
2.328883294091577572e+00
3.042549657524025619e+00
2.781891053242512957e+00
5.195222444681842688e+00
1.592296269578870271e+00
1.918793905141359168e+00
3.137471122567583759e+00
2.098050508689115468e+00
2.250471054546574035e+00
3.310799603574698935e+00
2.757640388727724101e+00
3.942218032530882876e+00
1.928643712929932974e+00
3.298875691948229605e+00
1.422740444384087644e+00
2.543482720222966176e+00
2.604627193892785186e+00
3.291998838138276540e+00
3.037644310658516478e+00
3.212836765354561308e+00
2.527761409198916454e+00
2.894853697123437986e+00
4.737579971870042428e+00
9.161060642942130405e-01
5.054559295194640534e+00
2.017730742038719161e+00
1.965333375182195086e+00
3.862433344175110417e+00
3.959791303966926357e+00
2.645546035752877501e+00
1.895580098980765849e+00
2.677125870723922052e+00
2.206864262679822275e+00
2.549459857130477403e+00
2.863198403334710207e+00
2.139569398902509523e+00
2.440765459300339835e+00
3.665114484605176415e+00
1.507764498043965284e+00
2.676739754787790471e+00
1.962049596878960189e+00
3.800119650625520151e+00
3.022246815885881066e+00
1.515343358854178479e+00
2.062614057675853374e+00
2.833079009076253207e+00
3.216490334150432506e+00
3.210989789503504444e+00
1.900928473664804663e+00
1.327036860546286334e+00
4.517611747678079936e+00
2.727956394287742725e+00
1.782058699878122932e+00
2.539115660018531617e+00
3.362037705588241998e+00
2.032740401562842081e+00
2.623643048240359210e+00
5.700362254640610082e+00
1.875253474175446078e+00
2.660117818302862425e+00
2.982740693602671023e+00
2.033235754352931135e+00
2.998348699807374729e+00
1.391070353901885825e+00
2.933348997868787222e+00
2.136975391553670001e+00
3.589583558294069832e+00
4.222964012701795333e+00
1.685420729231628334e+00
2.092696355678184350e+00
4.380791467373037484e+00
1.818266943231566346e+00
2.461565002165017280e+00
3.585011355382552001e+00
1.669372834055673493e+00
2.028027263831218008e+00
2.299939315070687051e+00
1.645277933278620264e+00
2.278649062355484478e+00
3.338465566350974356e+00
3.572135921696559802e+00
3.295027349081297796e+00
1.799618963942247518e+00
2.466801259537763080e+00
2.016875522974863610e+00
2.596205372551591228e+00
3.334908642836842407e+00
2.223937998585329368e+00
2.576252907505277356e+00
2.051331373450507645e+00
2.477239506831611759e+00
2.617310977434202268e+00
4.897969079476135690e+00
2.801881445265756998e+00
2.177724208540509299e+00
2.948366805856003303e+00
2.735323290434847454e+00
2.052105245682856349e+00
1.708682496604813306e+00
2.075761270172562067e+00
2.700233197435451871e+00
2.366715159369131793e+00
2.123183604193950025e+00
1.555516102370094300e+00
4.751495957423514938e+00
4.122300327062738745e+00
3.164668707917746016e+00
2.529504164040102143e+00
5.885991645270174821e+00
3.687553226535372541e+00
2.440387011467010758e+00
2.420814970452842996e+00
2.055305282983564297e+00
1.344153268071115903e+00
3.539568224752774661e+00
1.636301430860238382e+00
2.689176609437424315e+00
2.257329601589663337e+00
2.144097584869546935e+00
2.834374789296826513e+00
4.659732780477590097e+00
3.755834279163190459e+00
3.992492291418761496e+00
1.717283000550791972e+00
2.652710617389411052e+00
4.007228672309241624e+00
2.170888093565737975e+00
3.361277500234550963e+00
1.601219302264747402e+00
2.424752463704621164e+00
2.792658440590139790e+00
2.654420270628590650e+00
2.733276266272422816e+00
5.536406151429154932e+00
1.902483141093708419e+00
2.882738615097292900e+00
2.450341039632773832e+00
3.152742562655919567e+00
3.633863131645453493e+00
2.343439780190741839e+00
3.095877066821028478e+00
1.862512026191707193e+00
3.182780884919584885e+00
2.519437170893481959e+00
3.962934656272599110e+00
2.144365444587240876e+00
3.594065204584564910e+00
4.939400345594849639e+00
2.635346347855958893e+00
3.271004486526341903e+00
2.670128227945431476e+00
3.257690328192423213e+00
3.335400279827231973e+00
2.098264012987593130e+00
1.841511951043004469e+00
3.260403547319173256e+00
2.298606380883499334e+00
2.293164758473483555e+00
2.509192004502674767e+00
1.726395487989488498e+00
2.534440333502350207e+00
3.405414409883479987e+00
1.796993070140969317e+00
2.664832666991935994e+00
4.684407833400155319e+00
2.863454362762200667e+00
3.037177881056862372e+00
2.973232714794602050e+00
2.035268929663591297e+00
2.248019724579777279e+00
3.265868956669726764e+00
3.291005635387539208e+00
2.800760865323227655e+00
2.162959424106965844e+00
3.569481453866772735e+00
5.409337956718879070e+00
3.542190388772211485e+00
4.900445358014731134e+00
3.440261599712630236e+00
2.878540857785124807e+00
2.959965486362202469e+00
3.083959317259636457e+00
3.388669673697674245e+00
2.369994183258543607e+00
4.938489374379177121e+00
3.145011191147392804e+00
2.290227739767769055e+00
2.061909833300518802e+00
1.558871141589344145e+00
3.423886685049996714e+00
2.024217481481184855e+00
2.990016915456793267e+00
4.817263991573335069e+00
2.640413435654614727e+00
1.679452558007840102e+00
2.877639968686640515e+00
2.799714458602013067e+00
4.155705834619397798e+00
3.098257050745320651e+00
3.046628840411666150e+00
3.348684800075244272e+00
2.855002109305784685e+00
3.280061158159740753e+00
2.939983883729074154e+00
2.416049135322676733e+00
2.648024913150391235e+00
2.983475188933574440e+00
3.653131562685721256e+00
1.906042055795213797e+00
2.529602836676743571e+00
3.656985836548020785e+00
1.389170675517614750e+00
1.954315832052027080e+00
3.312040881909988244e+00
2.105654052144932287e+00
2.507421888961005152e+00
3.078680102186723389e+00
3.118729659937390597e+00
1.991793000207915609e+00
3.090947764394537778e+00
3.489963770153032829e+00
2.999679092188547003e+00
4.072905013509172889e+00
2.801188328639211633e+00
1.565416313935761972e+00
2.610663060023170612e+00
1.693222286749305638e+00
5.212866769852277038e+00
1.594892718814272525e+00
2.549683104633726494e+00
1.876860046239720470e+00
3.241076324981881918e+00
3.244877520387068781e+00
2.057619571841629469e+00
3.658472339574596610e+00
2.045021963560410772e+00
2.923788033239781203e+00
2.971673260196100674e+00
2.390664096606474498e+00
3.374879853488494064e+00
2.290164242649542992e+00
1.628842415273382249e+00
2.490522210180758922e+00
2.100188540696509953e+00
3.544518422374354216e+00
2.299054758730635140e+00
1.949345948625234470e+00
1.959622203867962487e+00
2.457430689690369263e+00
1.922128594190301465e+00
2.802860882224942785e+00
2.921901750972569989e+00
3.542083897653740099e+00
3.162319617187888898e+00
2.348154750869602125e+00
2.132874180423489197e+00
3.437766764540811426e+00
2.241278059967270142e+00
2.034587648503213053e+00
2.131760958888690993e+00
4.816036382420154638e+00
2.731856607624776778e+00
2.497856179146638489e+00
2.122325695023720815e+00
3.278863189135954759e+00
1.815875388121527489e+00
3.013790512332181315e+00
2.811024964458720632e+00
2.637658389486112753e+00
2.199585098150486751e+00
3.740143735985610007e+00
2.537174614482470059e+00
2.384658233159613339e+00
2.843362870966697376e+00
3.003991118087807610e+00
3.072350617874960221e+00
3.032411155115472656e+00
2.277102619241309522e+00
3.221420539202048960e+00
3.758949646937126854e+00
3.342059706192810342e+00
2.220514756289517777e+00
5.109043619727409613e+00
3.753740843415557915e+00
4.265605494172860723e+00
1.566715491830260154e+00
1.740748615223267404e+00
1.644047713564499968e+00
1.595632573422779199e+00
3.763000233158224184e+00
3.639310396824936955e+00
3.082772445892885571e+00
4.171503628456275869e+00
1.944770864037935754e+00
3.547928519968551075e+00
2.576413845824424786e+00
2.946647803604672600e+00
3.043857755828506928e+00
1.201290205064125205e+00
4.389409587172605320e+00
2.268717883811469882e+00
3.224477267056282237e+00
2.940090798477590361e+00
2.923333493835065688e+00
2.304180477327733456e+00
3.262407925253810514e+00
1.973461359119669467e+00
2.394262606524810710e+00
1.357663648511999943e+00
2.846322111528683418e+00
3.312603959836189826e+00
2.964630983164760814e+00
2.965325684342048795e+00
4.542582834825122262e+00
3.292776221245716339e+00
2.538224269259595101e+00
2.059897554735080849e+00
2.450993240317024924e+00
1.222891914235493260e+00
2.371081587878254293e+00
2.929631545374016710e+00
4.624554052649529901e+00
5.965716669933012639e+00
2.718577381517270464e+00
3.064265797162663230e+00
2.081475466525445572e+00
1.372491869061645220e+00
1.894186175015512896e+00
1.973016996566506975e+00
3.893482041587609910e+00
4.379629408079078523e+00
2.401730115607169758e+00
3.187240060334309621e+00
1.978834597593749134e+00
2.592649456423068877e+00
2.835309526325543672e+00
2.036706096022895984e+00
2.276166736208861341e+00
1.690673427994026978e+00
1.724124904460092811e+00
2.591573646497074446e+00
1.184236113705046334e+00
2.995207920718121031e+00
3.365940721124338619e+00
3.298151714936494283e+00
2.282940756334831622e+00
2.759237884123140638e+00
2.596456058987936633e+00
3.185136526536274104e+00
3.865992907829495895e+00
3.755470658752523949e+00
3.145370295853630260e+00
3.196260958336725633e+00
2.170568014292262760e+00
3.466560403194306694e+00
1.859621421519376039e+00
2.986864674585280266e+00
3.251647882683771140e+00
1.532837127300927804e+00
3.304247290637903678e+00
2.477765089151150235e+00
3.978949157506869838e+00
1.824300180936288429e+00
3.011518411619330315e+00
1.666640228651295574e+00
2.905717942713688551e+00
2.984027042921066464e+00
4.018765511671667845e+00
2.598028043070740978e+00
4.045866785034051283e+00
1.633848490098809059e+00
3.286703354750217798e+00
2.497926481317685354e+00
2.450737151675758341e+00
4.418769424283330416e+00
1.211653840488920775e+00
2.317057978680852504e+00
3.545270652019930413e+00
1.316060836077530993e+00
2.073363588495796161e+00
1.577836036370247497e+00
3.078561330657057837e+00
2.788690763472085887e+00
3.043642357408818278e+00
2.994973805717455306e+00
1.927050697562042725e+00
2.861243601972199624e+00
3.514140171166538096e+00
2.593796854171129151e+00
2.184052788335887119e+00
1.537128514000879020e+00
3.234028097869041662e+00
2.283108091516239835e+00
2.500717365904128631e+00
2.866545072617802781e+00
5.431689943891887751e+00
1.841134326009955524e+00
2.701809993604808557e+00
1.813369889327948625e+00
3.132181934653735844e+00
2.844611738888678687e+00
2.714946161995844154e+00
3.631022464071102185e+00
2.118593994507889544e+00
3.065723372694350246e+00
2.444470469691624626e+00
2.924391870559266415e+00
3.316453873686087572e+00
3.531160521949436415e+00
1.969431021728019537e+00
3.294663240806689153e+00
2.462922438844560968e+00
2.011560740014501025e+00
2.645489428711264246e+00
2.667422463994713944e+00
3.871898466688705742e+00
2.951934163209457118e+00
3.117358409041087963e+00
1.821085960594398312e+00
2.030522908239348556e+00
2.229099680504726066e+00
3.028397302308724726e+00
2.208055985217062478e+00
2.871452334887250490e+00
3.201783359411296548e+00
2.055072303880845386e+00
2.682613929785636397e+00
3.368155614252800856e+00
3.444646258401864891e+00
2.165667162946696589e+00
3.453299156320312147e+00
3.490150477857099975e+00
3.868827465194923043e+00
3.285600880322876893e+00
2.348014401796020945e+00
2.604548364163414842e+00
2.679313464666352562e+00
2.379167927234075997e+00
2.466088329668824741e+00
1.573552973039898939e+00
3.816416216235945846e+00
2.460162383270993569e+00
3.049789789872659362e+00
2.819467149826084817e+00
3.986807949709051613e+00
3.490308414389793334e+00
2.671558658465229108e+00
3.209806263842081009e+00
1.822727545338332922e+00
2.270614233609249411e+00
2.702704293559990756e+00
3.134628313804653565e+00
3.664988688365854674e+00
1.430744447508046413e+00
1.689411316878340008e+00
3.328263477199798537e+00
5.274558869167253583e+00
3.619208371648285016e+00
1.672238193007353768e+00
2.448067993246714202e+00
2.900015853038149238e+00
2.799952960916316957e+00
3.673646944916029611e+00
1.606508166760697964e+00
2.404372369935441789e+00
2.044194660229602167e+00
1.981684266914580217e+00
2.178206195217031738e+00
1.797730835354055312e+00
2.008275630123724120e+00
2.694188369225727797e+00
2.224294433141450700e+00
1.471941962301226425e+00
2.460020384775673641e+00
1.822180661764361220e+00
3.181008901925021171e+00
3.819105237465769687e+00
2.667291826882783656e+00
2.126585606445612786e+00
2.637078478017508498e+00
2.335035781590145465e+00
3.648902761763818781e+00
2.227226008090590348e+00
5.151688566306273920e+00
3.005154730525742224e+00
3.734605337670677816e+00
1.594343213713330432e+00
4.312657082948120113e+00
2.205280628312852986e+00
2.628621897246214534e+00
2.485367515418669182e+00
1.600992907970628210e+00
3.090164650045417183e+00
1.912687217769314385e+00
3.384127083723254881e+00
2.182316909249274683e+00
1.814870943963061478e+00
1.527295944975313402e+00
2.094322774732172210e+00
2.271901431746202515e+00
2.270859246682036314e+00
3.199066357301122210e+00
2.060593907207822539e+00
2.094522525680192260e+00
2.445493391380419990e+00
1.463467566112548468e+00
2.054681370480651470e+00
1.426495428282785971e+00
2.694837301805920848e+00
3.047899436245518956e+00
3.321018502294735164e+00
1.833127811956168252e+00
2.606241758610771786e+00
2.808577191639100690e+00
3.748846416123195802e+00
2.584563372338400722e+00
1.694423780652919875e+00
2.827537713322425983e+00
3.546937217457507785e+00
5.748200124809592637e+00
2.052219571705943491e+00
3.788552657607201724e+00
2.674991280681011663e+00
1.751817005388474291e+00
2.143549353943745572e+00
1.871380400372923303e+00
4.666837513123930137e+00
3.760649341643484522e+00
1.927514627040422424e+00
2.214826600108169785e+00
3.457269961292956495e+00
3.105860606362348619e+00
2.187358701564236618e+00
1.575186990082817928e+00
2.828450610494370743e+00
2.136288525382280756e+00
2.655278514030835701e+00
3.135146090034689692e+00
3.272748386281780775e+00
3.218742032655768970e+00
2.638510662082798497e+00
2.531288651915534427e+00
4.497582812556683685e+00
4.443143251213468758e+00
1.994094642862229927e+00
2.148447088802416971e+00
5.336842156349543842e+00
3.624922802951263012e+00
3.056360781302745799e+00
2.715514692960169896e+00
2.417103827320253639e+00
2.759893460098168383e+00
2.469502563745157975e+00
3.446081868880169985e+00
2.441069802464502558e+00
2.135406570596831255e+00
3.871558221237842101e+00
3.667958890097058777e+00
3.964832396319362573e+00
2.693588081123410305e+00
3.863131469067783375e+00
2.946123422111682100e+00
3.285211825019318077e+00
2.597767889732836011e+00
3.015924599270451978e+00
1.692431637207492567e+00
2.748959750298649141e+00
2.557844594365819457e+00
5.880322013820960869e+00
