1.665421358685036157e+00
1.491919840738462621e+00
1.534438307180328698e+00
1.598021012522908846e+00
1.389369499091958060e+00
1.456571593825240152e+00
1.033441129074246012e+00
1.423663486972937431e+00
1.431001902835306261e+00
1.352536951547925081e+00
1.060664353720671249e+00
1.657519024547939646e+00
2.273380849543217508e+00
1.234829092542850670e+00
1.704050246147360115e+00
1.845037056644539541e+00
1.359563414165412931e+00
1.395503091617868119e+00
1.254608069658305292e+00
1.585811022251730762e+00
1.725981542625308229e+00
2.214517530358937059e+00
1.422134955093421249e+00
1.273624428746945814e+00
2.398204816492688352e+00
1.156599381524909154e+00
1.391440026110264405e+00
1.972722919215943671e+00
1.885536323757161181e+00
2.386438274106242652e+00
1.396293811763665405e+00
2.272369141662427428e+00
1.554463084408874263e+00
1.854721332177192261e+00
1.175439802166241110e+00
1.267976784778243271e+00
1.924818083043766448e+00
9.753484906466236559e-01
1.736907343084446387e+00
1.344994542453608943e+00
1.784057432605849591e+00
1.931239395266975301e+00
1.139677630353346238e+00
1.109430745362027348e+00
1.448594694997528132e+00
1.064169042279518473e+00
1.984580883862107736e+00
2.634191162296597888e+00
1.332095258477394850e+00
2.509281212814932882e+00
1.866117211206853588e+00
3.141783600887420036e+00
2.365512485350117267e+00
1.203520223349909601e+00
1.904366773926704504e+00
1.375654233463344589e+00
1.434533880324697197e+00
1.884952890888661470e+00
9.189455185952088989e-01
1.087343303015139817e+00
1.082038567256421224e+00
1.221789385767788616e+00
1.400921191588666792e+00
1.810286634486923063e+00
2.007573613837302151e+00
1.272281142362923445e+00
1.907015761008560961e+00
8.845081328842798740e-01
1.974046240498938287e+00
3.374172592519689928e+00
1.419077015610748838e+00
2.544188545824054515e+00
1.730061118941820908e+00
1.508635789994416498e+00
1.570631039038430599e+00
1.809594070676977751e+00
1.621307293671673255e+00
1.527605213384688243e+00
1.776679609714305608e+00
1.126878183433561498e+00
1.352783795092235897e+00
1.850983164638448031e+00
1.615032166697471849e+00
2.308240956653800247e+00
1.853037764379863894e+00
1.413665467183242708e+00
1.368508780513953305e+00
1.211113266362531915e+00
1.483214824281434918e+00
3.400540890782488557e+00
1.690325105884391776e+00
7.116538321758221208e-01
1.326550619152717658e+00
1.859326493997483398e+00
1.597579258114562917e+00
2.243878567424515857e+00
2.292783862689908858e+00
1.746849390712432060e+00
2.010090565905962467e+00
1.217095241299657848e+00
1.487109178270034748e+00
1.502432868905930974e+00
1.024155886127768422e+00
1.364703564891625032e+00
1.556738982554690232e+00
1.116404695110256862e+00
9.470669660771386944e-01
1.654511496743793719e+00
2.005024986723749514e+00
2.671660530089880581e+00
1.554637862481125676e+00
1.827006237818780576e+00
1.159708415560031680e+00
1.436225695984253203e+00
2.014961212029042326e+00
1.292059110623289930e+00
1.454304774898896202e+00
2.079671291191173221e+00
1.384280873451804172e+00
1.318043657859594653e+00
1.712302292735846887e+00
2.015601786876617396e+00
9.520046378715029123e-01
1.141033484331424042e+00
1.401409701339587421e+00
1.345611183403843780e+00
1.679833694886116779e+00
2.080356439468455942e+00
2.698580637588091413e+00
1.512759801176492225e+00
1.814578156161245959e+00
1.649880966797577564e+00
2.336976825921634582e+00
2.725760522092933513e+00
1.489407445620828607e+00
1.350667173478672378e+00
1.680772845332906051e+00
1.384106992072385633e+00
1.866278072969277169e+00
2.294647488111073219e+00
1.291274685314815374e+00
1.670895852467335185e+00
2.227610875714174377e+00
2.259671979955074850e+00
1.165556402112594814e+00
1.781569668747663648e+00
1.057400044226696645e+00
1.192267522791587320e+00
1.520587867890910605e+00
1.448438006441038928e+00
1.595255903480135018e+00
2.062752629346661593e+00
1.667420327189411910e+00
2.197082885244479034e+00
1.366067581405981279e+00
1.414810172421924861e+00
1.148774147605542417e+00
2.571170704200354873e+00
8.961586995070948136e-01
1.732445451229755129e+00
1.273038041583531621e+00
1.534277796616357659e+00
1.604752811930541645e+00
1.591129939320971243e+00
2.223134984847682905e+00
1.213211685487344260e+00
1.460593371504096183e+00
1.498331851851427254e+00
1.093486212401718394e+00
1.166657359266122240e+00
1.093873681496152495e+00
1.511414457271814449e+00
1.549829936387851159e+00
1.498848749990549845e+00
9.628287068293022166e-01
9.436209707984505313e-01
1.174861706429741526e+00
3.828452196236669547e+00
1.713826740298242113e+00
1.968557718479059693e+00
8.197958943417823496e-01
2.038241608174355957e+00
1.367831184331367966e+00
1.397238472407794863e+00
2.368939511921587915e+00
8.815552683625790253e-01
3.889799696269718332e+00
2.206245647890145989e+00
1.993247903408007948e+00
1.527986552992031344e+00
1.813318516826248006e+00
1.924562614393088511e+00
1.907153995039586825e+00
2.657432942768389594e+00
1.431391836239337412e+00
1.810632712477710848e+00
9.119892460440844895e-01
1.324440647000169058e+00
1.267618277176231212e+00
8.996455812950071573e-01
1.201812019038063672e+00
1.879436177572024746e+00
1.737437956527280614e+00
1.109153238813918030e+00
1.927065771598093002e+00
2.229058920529217946e+00
1.496049041146835457e+00
2.290488243585426797e+00
1.858175454956364048e+00
1.828877743342887996e+00
1.389233904809664688e+00
2.301217707516921340e+00
1.647064713288412641e+00
2.366006776229516717e+00
2.160932570499886740e+00
1.160525183000666427e+00
1.820510378673149132e+00
2.537210383176490058e+00
1.147079730066596470e+00
1.502931816980677127e+00
1.157373613010631130e+00
1.606477427186994822e+00
2.543719971196746865e+00
1.356002217111888841e+00
2.870075231104053159e+00
1.524986249757495749e+00
1.813939983664992317e+00
2.227701278760847003e+00
1.229094859751412194e+00
2.066541448721169960e+00
2.096947308331346349e+00
1.085029110922783646e+00
1.524353981486689547e+00
1.186404892381859977e+00
1.869828809861825647e+00
1.043013535879286469e+00
2.454772472713311782e+00
2.137537613222835642e+00
1.784898270706851475e+00
2.095808832514673092e+00
1.018938273069558642e+00
1.814500025290509688e+00
1.839839149911513871e+00
2.174701029122545037e+00
1.602397517297313945e+00
1.413122665884808615e+00
2.149887434980408241e+00
1.353336325109354865e+00
1.241786033607577222e+00
1.569568607015081385e+00
1.563069699535661439e+00
1.701735937584527347e+00
1.728145856601266628e+00
1.149894181072772525e+00
1.381677987420891318e+00
1.108332460341765024e+00
8.927380701692021470e-01
1.773288967971509589e+00
9.809601421955730371e-01
1.531648327497064921e+00
1.558014788873652412e+00
1.830687821680802463e+00
1.485395177794301302e+00
1.168880709933651563e+00
1.783527464980513511e+00
1.845837243412786544e+00
1.015778201680395787e+00
9.406547557013945626e-01
2.523570396311344499e+00
1.378283522119085891e+00
2.484007293961007612e+00
1.494080517153563159e+00
1.226666152309549673e+00
1.678865204837745928e+00
1.168393130161038629e+00
1.765546906446547215e+00
1.642674790914571359e+00
1.090378444469611852e+00
1.367749628427154418e+00
2.193682517687996825e+00
2.063742971993906661e+00
9.422608037540048942e-01
1.644530302866385130e+00
1.152332557399214918e+00
1.427192730497203188e+00
1.852295840623376488e+00
1.306120409339578181e+00
2.686490994464119542e+00
1.433088833453647126e+00
2.065431614364042989e+00
2.493793325198154776e+00
1.331647377256554021e+00
1.283841101149836517e+00
2.161226570313899753e+00
1.561001124361884651e+00
2.463020739345033849e+00
2.072893066407345053e+00
1.763914242759430540e+00
9.954681381614342017e-01
9.661823834808251910e-01
1.256027871032269205e+00
1.485438935390068327e+00
1.737613666677110702e+00
2.006325902100495995e+00
1.335284400762228429e+00
1.528105851070841181e+00
1.728700935940244099e+00
1.273532556283504036e+00
2.437263538742424185e+00
1.471812100610522256e+00
1.662482748721415327e+00
1.583680376559320369e+00
1.085463950796352384e+00
1.375068047625219725e+00
2.191070967181037776e+00
1.361550192690492267e+00
2.396414838856307572e+00
1.348672597674566820e+00
1.403340498664519265e+00
1.329829222581977666e+00
2.056078294487488023e+00
1.072020854001958012e+00
1.820837264993208082e+00
1.407866536737720775e+00
8.914349433918342669e-01
1.263294071685309161e+00
1.556163651729395525e+00
1.842359515850666707e+00
2.380258918572877302e+00
1.610619278562968937e+00
2.031466234408281224e+00
1.374347784672674599e+00
1.863811609600455332e+00
1.671561685988266044e+00
1.637235244219309660e+00
1.829356753811457681e+00
8.777320291925211349e-01
1.686043707397134384e+00
1.258232987255129220e+00
1.727699444668096884e+00
1.442854099936334178e+00
1.075663466791781264e+00
1.738671645710639480e+00
1.764031143956420244e+00
1.399863998000509424e+00
1.490833027938604838e+00
7.889506404067163636e-01
1.448573578139551232e+00
7.807492646314762030e-01
1.211633789906813918e+00
1.981676037548748104e+00
1.380094959422811796e+00
2.593342730344984304e+00
1.694318917197531693e+00
1.069327102121068407e+00
2.011404943312955940e+00
3.525202360797498713e+00
2.431314654642862561e+00
1.643409292013229717e+00
1.133443233465213584e+00
1.687066287987597724e+00
1.483640899466529106e+00
2.103564191881436507e+00
1.617669340566584291e+00
1.548596879893888500e+00
2.354488753469846429e+00
1.859235529131124887e+00
1.100688240441880739e+00
2.226168550783262479e+00
1.912216510132050074e+00
1.493606550102287045e+00
1.984165861526507868e+00
1.266662445146502280e+00
8.576234785546036354e-01
1.712379510288416951e+00
1.372995198963927743e+00
9.516930298153333245e-01
1.601556346063848224e+00
1.627390668113948280e+00
1.777560953941395017e+00
1.047848768571885358e+00
1.952876280315914981e+00
1.844420416573050892e+00
8.527128974736047917e-01
1.270047838466968226e+00
2.325622944109024814e+00
1.624686456856841543e+00
1.296024743048075134e+00
1.094614912247181326e+00
2.230476293154802114e+00
1.679300458732525536e+00
1.361786872515228897e+00
1.499900727793285871e+00
1.365311010976949957e+00
1.284733355802344157e+00
1.640300888162054882e+00
1.436316624193368918e+00
1.889736485660626020e+00
1.570594766186881763e+00
2.216131427121530884e+00
2.265312990237044133e+00
1.195894379645351391e+00
1.494712337160201576e+00
1.446155051529038005e+00
1.966401135636139497e+00
1.358891896321374304e+00
1.910853775206797334e+00
2.125450536406884527e+00
1.089159108677134391e+00
1.162185578372589623e+00
1.776229244547144814e+00
1.499846356409573866e+00
1.385030828340396258e+00
1.622553339794566174e+00
8.626166706713314092e-01
1.938322874028298504e+00
1.399139847397933067e+00
1.434260178894295246e+00
1.149921181879501431e+00
2.040706366688440632e+00
1.420865704624785897e+00
2.119059810885165263e+00
1.215206541167068943e+00
2.343298168940345150e+00
1.883757208730551636e+00
1.166019392050823944e+00
1.184389522619340829e+00
1.800340406959418216e+00
1.439795308244009586e+00
1.482823906704050287e+00
1.304405474129977982e+00
1.361101631129341349e+00
1.591500224450722589e+00
1.687687438396469064e+00
2.512879215546284684e+00
1.154243790664991165e+00
1.243653101510313164e+00
1.794205194623664568e+00
1.201241600206348403e+00
1.038393131481333054e+00
1.887091609704314665e+00
1.791409906611758585e+00
2.247606324519265009e+00
1.062498834041556428e+00
1.531521099090773497e+00
9.510695240894373459e-01
1.426080566579857045e+00
2.091910656599731855e+00
1.675088666466206355e+00
1.866831427008665223e+00
2.141051543133215329e+00
1.644774371312408778e+00
1.782441686079146770e+00
2.331443037079380609e+00
5.951740579467682535e-01
2.882904698626085338e+00
1.360266005914751775e+00
1.245484987202156502e+00
1.309244600111230117e+00
2.345471040598739343e+00
1.318831214411661401e+00
1.237140834618517315e+00
1.521992842370003096e+00
1.297519978531836760e+00
1.642360196306136944e+00
1.980600358738081823e+00
1.161067311589316642e+00
1.395037994873189469e+00
1.534317369089991168e+00
1.074221470721194560e+00
1.834986955934979180e+00
1.210557571993505999e+00
2.356496708374277826e+00
1.981473973707340352e+00
1.090496244158386530e+00
1.369292336336138671e+00
1.588067136760919373e+00
1.701280430329388693e+00
2.057688096663204735e+00
1.436895955847090178e+00
7.726247837909087091e-01
1.894139244182879933e+00
1.725793671300494436e+00
1.399395846314338332e+00
1.618555977879909014e+00
1.806988251025464232e+00
1.334778310609161966e+00
1.558765794436728358e+00
2.635255019275689392e+00
1.250951355279498189e+00
1.332256557935660890e+00
2.051653948700713936e+00
1.067058334652001728e+00
1.578314316668064210e+00
8.140766948026860739e-01
1.826977095598630418e+00
1.074886443485163490e+00
1.493117863234832532e+00
2.615004978049300544e+00
1.415110949852887101e+00
1.546860856746589352e+00
2.785816526921787162e+00
1.111813185982674534e+00
1.504735882142255399e+00
1.998166660645939618e+00
9.152680031588843468e-01
1.109575600305092280e+00
1.735359947364689459e+00
1.143846726960732862e+00
1.664540988015355216e+00
1.755469122161147366e+00
2.468907607549548633e+00
2.398372407770117398e+00
1.332282572742929050e+00
1.542078902490019887e+00
1.396563351157840804e+00
1.715967904893817453e+00
1.909858697509748682e+00
1.452303031180069759e+00
1.625480453971198003e+00
1.439679610741239291e+00
1.501555192628106106e+00
1.421901964414114206e+00
1.910401553278993081e+00
1.679746296404734940e+00
1.539285382087936860e+00
1.385208760622537172e+00
1.745451641355413086e+00
1.217723517380175480e+00
8.845704211647736903e-01
1.584612335075316958e+00
1.855470488240618998e+00
1.468607866130789974e+00
1.064078262943632058e+00
1.125147968629160555e+00
3.142502011470737600e+00
2.804058403506277219e+00
2.223252535354801829e+00
1.345529634053864054e+00
2.377618544791296973e+00
2.257896304114753061e+00
1.684356943828427156e+00
1.439572331886750822e+00
1.440491657030754657e+00
7.653953429284705567e-01
1.834418773856773210e+00
1.042497294584791678e+00
1.803856078626444370e+00
1.315983944846598197e+00
1.176894958790300594e+00
1.164324814896666727e+00
2.375505767888299147e+00
1.824770742951579150e+00
2.258257490310711102e+00
9.123415299499125775e-01
1.350351690480019684e+00
2.354417203186133012e+00
1.375046806125894916e+00
2.227679048511513216e+00
1.196731231738472845e+00
1.246570764606339310e+00
1.132996495548994176e+00
1.655589897975937808e+00
1.780313598269989583e+00
2.316684132705613131e+00
1.222924444004231281e+00
1.996879724117429422e+00
1.500252053578544187e+00
1.969646607754383938e+00
1.454008675967207953e+00
1.427852069741504026e+00
2.272263555429143711e+00
8.421782640550455890e-01
1.725673587265199371e+00
1.604827175813960283e+00
2.601226477010426308e+00
1.366411182010691894e+00
2.024323241802915785e+00
2.587998209040286213e+00
1.224154309780445704e+00
1.212669579010666521e+00
1.647313785365026151e+00
1.846578885113867141e+00
2.021784981704542794e+00
1.308835645901454514e+00
1.216537967952043608e+00
1.260710294091499595e+00
1.357993123536306967e+00
1.247677325657260416e+00
1.310000660314655896e+00
1.052422163038694958e+00
1.553636713937513569e+00
1.679558326261910706e+00
1.135812318353389028e+00
1.477021200558728653e+00
2.387333106342385936e+00
1.502840011455054636e+00
1.881207580775860588e+00
1.918980330095731546e+00
1.402614781752235418e+00
1.410535034916067687e+00
1.644278316672624918e+00
1.802365763878065019e+00
1.560103842369695126e+00
1.371901349275603144e+00
2.101657985911275173e+00
2.543115528386698632e+00
1.714432127408039852e+00
1.895752946215187196e+00
1.762716475557382312e+00
1.834726420413225645e+00
1.365877437774509762e+00
1.474556868864627113e+00
2.353894774625280295e+00
1.106357451793106517e+00
2.772970288305125486e+00
2.200963207176405145e+00
1.274577646159287925e+00
1.286248630854558206e+00
1.145091140702452881e+00
1.737732553401304170e+00
1.164156860118832348e+00
1.551097501216699648e+00
2.430259661603196175e+00
1.609432259105066931e+00
1.201775319034250833e+00
1.804950363041594841e+00
1.955931844887469184e+00
2.714522779828757226e+00
2.227164802797160892e+00
1.914788308080858314e+00
1.878123089781688737e+00
1.493676800930060944e+00
2.167810130517721312e+00
1.494947708039670919e+00
1.638338538850508064e+00
1.920101254538898905e+00
1.525254303050233462e+00
2.330054746970263047e+00
1.211466628176376847e+00
1.601560373802232151e+00
1.468118466700358171e+00
8.830426912136053463e-01
1.203713925027366738e+00
1.950129040915747458e+00
1.185995041347690737e+00
1.688958983633489064e+00
1.738713721637416665e+00
1.775774011501211280e+00
9.197225582242736230e-01
1.144625977412816686e+00
1.969544833426768227e+00
2.104422457525876311e+00
2.922245170611605047e+00
1.315324719400898568e+00
8.435619392876276823e-01
1.577420227962559540e+00
1.077035117706608203e+00
1.680849896062541537e+00
1.239890936274945510e+00
1.348191640972865590e+00
1.377841712053679002e+00
1.624826995489300208e+00
1.802379079417351981e+00
1.168696482432250772e+00
2.158621954803664700e+00
1.508535761861517610e+00
1.521924910077862902e+00
1.424896420393692686e+00
1.188731173786564899e+00
1.612854275675164040e+00
1.316288408214158157e+00
1.414211337094984478e+00
1.627678528065708452e+00
1.173660529614230841e+00
1.817896526226181253e+00
1.451912224418706376e+00
1.350046032319700329e+00
1.145029605843494336e+00
1.307020231713668545e+00
1.312583024537450571e+00
1.728786835834115410e+00
2.270892593836149942e+00
1.804387196445637054e+00
2.114556314502956447e+00
9.733648962568531848e-01
1.315068278807182134e+00
2.052883638873187255e+00
1.377313757079778211e+00
1.067364679873969546e+00
1.219894247320891578e+00
2.556546506878124347e+00
1.849132195595665884e+00
1.871605238426105933e+00
1.425127575357625132e+00
1.513152020436904888e+00
1.082415138361639828e+00
1.917564685438497563e+00
1.528550605190567735e+00
1.541817891024221510e+00
1.695721358809242352e+00
1.501541299719156397e+00
1.625712112650171903e+00
1.165921174827211138e+00
1.631239175561890686e+00
1.756149829660071493e+00
1.966199423005546176e+00
1.482654233183499981e+00
1.436817136311146825e+00
1.638662107206763308e+00
1.490598093216271236e+00
1.738328710163994373e+00
1.351372291045574769e+00
1.986620475622325577e+00
1.836246452054441036e+00
2.454778842370978431e+00
9.646343666448436993e-01
1.169544320273489646e+00
1.017042539434846793e+00
1.002790911623980818e+00
2.263969312898653996e+00
2.173559257464477312e+00
1.785818552004263760e+00
1.944506582353351831e+00
1.252123522637902830e+00
2.344151348737042451e+00
1.454196818138881575e+00
1.669583869094635853e+00
1.797727739236446132e+00
9.608340085342135239e-01
1.451335948327783232e+00
1.519005547610380757e+00
1.767992790128628533e+00
1.679119432107318843e+00
1.862805483218974878e+00
1.493224004849963205e+00
1.730451084308452181e+00
1.367481126630280652e+00
1.697925780061999124e+00
1.075575964623927794e+00
1.727441788615942775e+00
2.022883068449815802e+00
1.223908266621537066e+00
1.774211468259663693e+00
2.195130612841260209e+00
1.865371500068579547e+00
1.207533353062435921e+00
1.133721675584653310e+00
1.683539204910900589e+00
7.793735574863563942e-01
1.334524580870015020e+00
2.122934093373877396e+00
2.815781079347794424e+00
3.543897450541771743e+00
1.608812975410908175e+00
1.871328957324946085e+00
1.244976655812418675e+00
8.797657043316218228e-01
8.834146846790672525e-01
1.238203631415686345e+00
2.325031285535967385e+00
2.294541499283826447e+00
1.292986518809517316e+00
1.900276336258841070e+00
1.133262466274322700e+00
1.712045615014098576e+00
1.489194083955862835e+00
1.276497250639591963e+00
1.540473554676207613e+00
1.164939157373522383e+00
1.012059961937072483e+00
1.758238736605060915e+00
9.739727930428211389e-01
1.889961447476107059e+00
1.774124778284260628e+00
1.898264884277099274e+00
1.369421332575302630e+00
1.468332439013278590e+00
1.380326076154423154e+00
1.895532579039543419e+00
1.927530880248147005e+00
2.337717736461461193e+00
1.944559603254836455e+00
1.710649513232210817e+00
1.270433844414750046e+00
1.787040732327629611e+00
1.069397001505570044e+00
1.688956755226851403e+00
1.459629889949818793e+00
1.162657373497375302e+00
1.846984810249566733e+00
1.314608642150334017e+00
1.838577412943590339e+00
1.130631047026311897e+00
1.784926300497477802e+00
1.158919639435761484e+00
1.850549200682694462e+00
1.555333943103194505e+00
2.585205330283217862e+00
1.871745226805893614e+00
1.766198353544141675e+00
9.873851853550210667e-01
1.680303736071678156e+00
1.680431998430234719e+00
1.810369939531832451e+00
2.385824949389287131e+00
8.592326975679114298e-01
1.520310895133194729e+00
1.894889875464822238e+00
9.487413134554220084e-01
1.016700740649725265e+00
1.084485729648339225e+00
1.842063206088782268e+00
1.433656285405277897e+00
1.999635626709531211e+00
1.974427546931637023e+00
1.285816215346999414e+00
1.657162448095215179e+00
2.089981283575665927e+00
1.231968529792824008e+00
1.295733719548187501e+00
1.057218043820558506e+00
1.769557722630864083e+00
1.619892332382430133e+00
1.645901205418387248e+00
1.936675354537844562e+00
2.879658629997943198e+00
1.035045908244001556e+00
1.528057027800300283e+00
9.996025570930845427e-01
1.886147537949329989e+00
1.988218561012911278e+00
1.781530126185875140e+00
1.823809222321067791e+00
1.582709597567087956e+00
1.526628342002685157e+00
1.383984973063992818e+00
1.917733395548453457e+00
2.041091088594334302e+00
1.603871274675428227e+00
1.225734529844948018e+00
1.534015547453261075e+00
1.465581037124650932e+00
1.085317006485221114e+00
1.670135592015622006e+00
1.316948446476128298e+00
1.966699018504987961e+00
1.877437986792427349e+00
2.092417398747122181e+00
1.146752847998003366e+00
1.179629256487817024e+00
1.491378947800969579e+00
1.739211682106485801e+00
1.210426779213154225e+00
1.682467113528379743e+00
2.505027040000665117e+00
1.413952403098823973e+00
1.384961431326559023e+00
1.535166692667068400e+00
2.374110666383251633e+00
1.380700116459447679e+00
1.646454848595724441e+00
2.130023142159906513e+00
2.115612085737757386e+00
2.007424162034414650e+00
1.717096817135332909e+00
1.732495450050407948e+00
1.301762047653616694e+00
1.607862385913746639e+00
1.851930997181273852e+00
9.767220925027720879e-01
2.215928899748952130e+00
1.318932817544412162e+00
1.815175938547709311e+00
1.443687671068340173e+00
2.564557141577045396e+00
2.280340840958960502e+00
1.721053982070998689e+00
1.825663580153372711e+00
1.111895177870618756e+00
1.478175918020539825e+00
1.513617373303319580e+00
1.738096171635164389e+00
1.929961858798749486e+00
8.665760423904076415e-01
9.582333633924834393e-01
1.779588012231654526e+00
2.824180332112234737e+00
2.171147117158835460e+00
1.144725315160431300e+00
1.305197027373788510e+00
1.422583934405179384e+00
1.700945694357466120e+00
1.436583403829416294e+00
1.172456858739290952e+00
1.581401823428955966e+00
1.292865049597113014e+00
1.296902361178510654e+00
1.756339940926421095e+00
1.079627973520366213e+00
1.504170881993826869e+00
1.470784777727191406e+00
1.198378867527740033e+00
1.167345590724911730e+00
1.500769374976771209e+00
1.207258050306598385e+00
1.599156198945154372e+00
2.341620923753877648e+00
1.769798044340384457e+00
1.473591457005147154e+00
1.471796137800837290e+00
1.285037566101664863e+00
1.920273283070109471e+00
1.509326392174778597e+00
3.292596379711064447e+00
1.578521558151058990e+00
1.647290389559864510e+00
1.009985904021563075e+00
2.431775635221461673e+00
1.466297498384282250e+00
1.600472911402304854e+00
1.700384417962303996e+00
9.729018705352778795e-01
1.632009810328886923e+00
1.110412553282179804e+00
1.886697581891618070e+00
1.501396411869782677e+00
1.258613631519125864e+00
1.204093183158483349e+00
1.332054358506533198e+00
1.106968643045108891e+00
1.519995844647841876e+00
1.977608420958722801e+00
1.438795191176517330e+00
1.269207075891224612e+00
1.348649159058764369e+00
9.667711387407044166e-01
1.230887497315283685e+00
9.684051148036794121e-01
1.679897843022688741e+00
2.314004177581438171e+00
1.720248397215645486e+00
1.203889998950645301e+00
1.638770335529473154e+00
1.787314419079614858e+00
2.030593404541694902e+00
2.040418474765436141e+00
1.252781714141848690e+00
1.558895178967454109e+00
1.957106437409701361e+00
2.570831487604412935e+00
1.375079320711084296e+00
2.092493731214759567e+00
1.340641484103294534e+00
1.314415581513002751e+00
1.601057442829466604e+00
1.400440413870892797e+00
2.220839341986941662e+00
1.649100797628815673e+00
1.404124734685396225e+00
1.344691361419473097e+00
2.007240295991845169e+00
1.753806004074986546e+00
1.697576305915072581e+00
1.175784626718689774e+00
1.735668820448837302e+00
1.697888759682968374e+00
1.347834453568518054e+00
1.533885886659047459e+00
1.929112215914216222e+00
1.940270602725800764e+00
1.546557080816400642e+00
1.314779977866720406e+00
2.640729904165873165e+00
2.148575835474505258e+00
1.271296827521946060e+00
1.193914027680428980e+00
3.295950439057167003e+00
2.087045347664335804e+00
1.914492118956359290e+00
1.480353492765388745e+00
1.419393272757383251e+00
1.719246128437911247e+00
1.580880694959122312e+00
1.534186303417088171e+00
1.354992081480347110e+00
1.189044513597511399e+00
1.842589136707097008e+00
1.818133963988344703e+00
2.061036539054823535e+00
1.541573492803567369e+00
1.812145959493274061e+00
1.865429595689803932e+00
2.436505351818051945e+00
1.502029502090789670e+00
1.932298198796655653e+00
1.012909860600728518e+00
8.598411757496458030e-01
1.321922328807871860e+00
2.694477111883672560e+00
