6.218791326753950521e+00
2.078085377521688315e+00
2.261823077661436976e+00
4.001016624671234645e+00
1.401654664861062383e+00
3.799600165135037066e+00
3.189791673032021713e+00
2.662370868023268056e+00
4.395674765657144434e+00
3.412097160652696193e+00
2.630338306388430691e+00
1.256498643822228534e+00
1.611549574381990757e+00
2.466016360878048985e+00
2.476810877311376835e+00
2.399812265286922930e+00
1.559289079457512717e+00
4.419373659246059738e+00
2.875633028017090975e+00
3.941950608930785638e+00
4.894706123948967758e+00
2.230773785224910544e+00
3.160231126341052743e+00
2.877887740786928994e+00
3.695332470979806327e+00
3.234081509434255430e+00
3.771838238433059320e+00
2.160256981444061086e+00
3.835396212053682863e+00
3.181814958087575640e+00
1.832594881724838976e+00
2.893829216045716191e+00
2.239376373022108790e+00
2.515210187924526775e+00
1.911917676963954982e+00
2.056984126969379378e+00
1.462081219471797811e+00
2.823454926341861793e+00
2.538148863144584766e+00
2.407663138365109923e+00
2.613817509923923588e+00
3.296581201724771759e+00
3.699951929982554955e+00
3.421591146347961132e+00
2.387400941294116397e+00
2.561541870332744608e+00
2.374996835496218317e+00
2.625855193776976737e+00
3.441558382532349469e+00
2.460195418385173305e+00
2.418356864011518059e+00
1.779466902836565056e+00
2.060344536357193945e+00
4.738999616968984085e+00
3.298827754979366755e+00
1.620874209029493862e+00
2.892784010120164506e+00
2.492995329993957121e+00
2.080641274351872294e+00
3.039179545743942779e+00
3.386941408041802770e+00
2.547246259438594951e+00
4.253034766940977818e+00
2.186557294261440632e+00
1.822871481695052420e+00
2.945748294254070476e+00
3.375523075155961727e+00
2.383068489663000999e+00
1.747342469929962894e+00
2.361435701871935855e+00
2.166488932068982187e+00
2.314576825355779910e+00
2.513143772630382244e+00
2.604882499170674048e+00
2.858016755392706720e+00
3.363332065247092828e+00
2.890387262478191222e+00
2.002751045235656058e+00
1.597766751195191848e+00
3.455897015518313076e+00
2.112292052227651151e+00
4.732608466516028400e+00
3.091539413982435036e+00
4.266778601777140523e+00
2.606433616384617125e+00
3.168494147508199354e+00
2.012845509291401491e+00
5.145529739578435624e+00
2.284494504711678697e+00
3.223137767816802057e+00
5.371455498609613244e+00
2.067321769067354875e+00
1.416545206834199488e+00
3.229046783934887976e+00
2.822529010277798012e+00
6.405006649636662885e+00
4.345519390252642999e+00
2.626899683011711950e+00
3.275841459520879795e+00
2.128013453812919842e+00
2.607982513520087142e+00
4.927940943445039856e+00
2.904926569481412368e+00
1.759115448695203421e+00
5.557590796645309084e+00
3.706630205500862640e+00
1.949777003240033668e+00
2.779243523352671996e+00
2.925399871572122112e+00
3.688904799195077189e+00
2.592739166883839097e+00
6.659418069369706039e+00
3.108139132737666177e+00
2.374217214458868686e+00
1.842640143143007281e+00
3.203211069546446410e+00
3.057164555185558630e+00
2.535020789697610688e+00
2.925170489244542260e+00
2.786156431373803422e+00
2.643275856798584122e+00
4.009026793529216093e+00
3.649376427717520688e+00
2.381173720547502981e+00
4.425522462832317316e+00
2.104619837144909411e+00
2.232533720203189187e+00
3.272198965429082840e+00
2.398933173845872791e+00
2.516958401295056991e+00
2.948808410412328662e+00
2.534258399216725799e+00
1.743152142509191593e+00
2.347105822661645025e+00
2.414129090731052862e+00
3.449945341907331375e+00
3.457429170165178256e+00
2.246875267146325239e+00
5.025185325787127510e+00
2.841942855463350348e+00
3.295978429617409500e+00
3.414343909730112703e+00
1.967823072834228970e+00
3.182143277809846627e+00
3.968633490968293653e+00
2.872747922491869499e+00
2.276735177902676543e+00
1.642074299395879677e+00
2.763563364793126365e+00
2.659163832590136334e+00
2.725118386242413759e+00
4.254463256793183490e+00
5.179291890300545376e+00
2.506421345623363273e+00
3.440326911782513264e+00
1.537023501167142037e+00
2.538552632942316478e+00
3.495603666356097872e+00
5.032242970096498347e+00
2.126411216221587797e+00
3.473026632851905493e+00
2.923232828696840091e+00
2.786885335678503495e+00
4.394760485991725751e+00
4.133391033009121251e+00
1.885446492307775834e+00
3.173645247336083663e+00
2.185877933637793369e+00
2.162733300791178426e+00
2.998404637327928057e+00
2.835788675455520824e+00
3.393933410082648372e+00
3.903456554857842153e+00
2.665585056179675227e+00
1.644970063847785990e+00
1.601594846276116257e+00
2.380448410923456937e+00
2.198894787894749125e+00
3.316465595046535597e+00
2.141699621635879236e+00
3.784681416400474507e+00
2.379315535633172107e+00
3.109864854687915514e+00
4.316024034040224500e+00
3.057515328387091280e+00
3.719810243377176473e+00
2.910450559741085907e+00
3.841436134685368042e+00
2.344227606654335272e+00
1.516763837193815245e+00
2.383270256271492027e+00
2.270369989409504630e+00
1.796232352994092674e+00
1.515041726414597667e+00
2.351960129235155517e+00
2.802018926615703620e+00
3.611567322206563624e+00
2.045754237023210464e+00
5.791075385400644038e+00
2.707593518865358373e+00
3.788513362520155692e+00
3.632885696561813482e+00
3.388956246865769906e+00
1.874047633115818901e+00
3.877716563731472554e+00
2.903418646462565089e+00
2.741884856359608769e+00
4.317903906436586503e+00
2.519822772887520657e+00
4.331627445154659029e+00
2.846046486085275440e+00
1.775573567651655527e+00
2.688320746739331302e+00
3.173908823851502081e+00
3.279632787643483649e+00
2.042487488523085482e+00
3.706583969271707524e+00
3.239412297160219723e+00
1.963745347393064833e+00
4.987447036720239701e+00
1.692504772190359885e+00
2.724678677173972385e+00
2.265927742270384293e+00
2.164721320778678848e+00
3.913429826812745649e+00
2.443519186756583306e+00
4.385333626144766406e+00
3.399594601245560010e+00
4.301597839761315711e+00
3.866791213083323964e+00
1.660213548852490728e+00
1.756021438044078842e+00
1.223985883368166494e+00
2.634660209626420002e+00
2.674910909857759922e+00
2.928167363329438722e+00
2.253279275971101558e+00
3.363701183210189960e+00
3.991722806199249352e+00
2.093709305550200295e+00
3.709291332665573204e+00
2.019660616971270972e+00
1.679723591049312903e+00
2.589290869513534155e+00
3.372509561499513531e+00
3.104995224103127782e+00
4.276520177185448190e+00
2.501971495312800720e+00
2.793591694302267836e+00
3.634453666782460957e+00
2.733459767319514011e+00
3.535878128431260592e+00
2.392056844873239552e+00
3.140270823448586324e+00
1.228597518254749277e+00
1.314297833450617459e+00
2.422482759564538846e+00
1.799886514922837577e+00
3.010396828241290734e+00
1.986647316417565756e+00
2.665165856545832934e+00
3.174274775426873862e+00
3.917817521455301488e+00
4.894170548680776278e+00
2.562542971187243168e+00
1.385429064800236976e+00
1.727361267023462155e+00
2.736350441765177610e+00
1.846057996337322704e+00
2.466707428159068183e+00
2.135547994138032646e+00
2.401698309415494670e+00
2.981982827062840347e+00
3.317512176393918821e+00
3.395171294038557441e+00
2.437255178974000458e+00
2.610413140750002636e+00
4.370460018136707703e+00
1.726883246934573179e+00
3.559647797455176121e+00
2.976403109878066999e+00
2.985750267179936301e+00
3.074768858329260279e+00
3.179112551061835656e+00
2.970447843824427725e+00
2.571134291736859812e+00
2.090885749872418486e+00
3.007131369360811046e+00
1.528334831004428462e+00
2.736850181541387261e+00
1.351729307205265629e+00
3.206280686563414584e+00
2.971140019052303849e+00
3.873986581664856210e+00
2.282214146334265337e+00
2.059750345637822999e+00
3.470596860316911059e+00
2.745127897342197976e+00
2.173624023696667962e+00
2.693684053170589010e+00
2.604974084650341304e+00
2.833591486689692296e+00
2.400362951566968217e+00
2.329040657101123735e+00
2.638239965826439715e+00
1.436050393170517081e+00
4.196297744157496901e+00
5.333897662791269312e+00
2.294828118279093943e+00
1.789648189040681459e+00
3.902456350017439402e+00
2.659707048739333501e+00
4.284152581307488106e+00
3.086286348952935743e+00
2.962896471289127920e+00
2.642369088593844229e+00
4.142043680714552423e+00
2.876376500827032778e+00
2.359066832522703105e+00
4.006320728112369167e+00
2.003409191531264177e+00
2.640202045997586566e+00
1.754584051307839010e+00
4.011329950993156146e+00
1.864892136606084438e+00
3.055008072304755018e+00
3.560300754278690416e+00
1.930226674517790730e+00
2.758577364580377722e+00
1.758537917653009375e+00
2.943524242928774459e+00
4.176805796617783173e+00
3.778562825496902811e+00
4.299686840145753308e+00
1.824770935832680241e+00
2.509992294045484407e+00
1.230558237001847521e+00
2.602697974123962421e+00
3.235618486140920069e+00
4.124087450635070873e+00
3.836702619282144511e+00
2.020322951669296430e+00
3.848191399551029956e+00
2.163053626570906829e+00
2.646288133150701327e+00
4.432758357855231424e+00
2.055941572946011764e+00
1.824755475059044674e+00
4.208785629847800358e+00
2.507215612057678289e+00
3.434010653312331129e+00
2.487050085125708687e+00
2.657297583307676181e+00
2.003409209110925904e+00
3.223356482943012136e+00
2.877680607747042263e+00
1.375654738459054283e+00
4.581368997894839978e+00
2.289087915604207879e+00
3.654630412778810733e+00
1.755288148677623727e+00
2.393636957465138160e+00
1.021794185579410819e+00
2.010266146334244830e+00
3.832624627421107988e+00
1.916722519400340552e+00
2.621697816130532654e+00
2.469526284900062763e+00
2.217303810664035701e+00
3.631196928646569067e+00
4.041799708576897743e+00
2.789163754439701659e+00
2.353006692632979568e+00
4.718348873014398315e+00
4.381521088321869151e+00
2.311634664934424599e+00
4.368197254849934374e+00
3.512057263462250667e+00
1.810018736458043787e+00
2.728641006185267059e+00
2.508751350000234748e+00
2.967264834159535791e+00
1.202475449191300561e+00
2.849781372629036635e+00
2.381557769464790475e+00
1.330621873529595600e+00
1.480781300356851737e+00
1.835032361355686481e+00
2.385126631125250807e+00
1.893954997390023598e+00
3.246116498859473953e+00
2.370727755650066992e+00
2.749974077267529626e+00
2.293968278700478702e+00
1.646971629072096155e+00
1.632318069643955649e+00
2.634373442330954163e+00
3.328791697324639198e+00
2.068407570420001562e+00
2.925838072876266072e+00
9.614513112249254423e-01
3.197131023805876548e+00
3.572242501642077794e+00
2.650773342061126137e+00
2.463177799679456825e+00
1.639566085060049749e+00
2.986238794464605384e+00
1.964309761075146987e+00
2.312729370245462768e+00
2.634534381134303604e+00
2.401003814996940378e+00
3.330810688875573522e+00
2.878649153549131423e+00
2.638678929048046573e+00
3.657976608066596302e+00
4.210559762387426908e+00
4.172484561622754384e+00
3.412823999574047473e+00
3.436321073104562362e+00
3.560971631821321370e+00
2.138763890807632961e+00
1.739371274685081126e+00
1.508418930185485340e+00
1.332974136926070363e+00
2.152351028955383772e+00
2.856438651444594079e+00
2.093672311888437942e+00
3.309538823489541759e+00
2.150060134690334301e+00
2.566091942734878728e+00
2.032701924037941588e+00
3.423578431627200214e+00
3.334510280599813026e+00
2.476500445854796784e+00
3.287353079342733242e+00
2.534470803953156270e+00
2.774179441545977287e+00
4.006063521667868166e+00
1.870054615443029977e+00
2.804656024894858657e+00
3.453246844521714376e+00
2.145884521664846112e+00
3.191848598676499282e+00
3.430472568598950556e+00
2.484292372616343503e+00
2.063809444716164787e+00
4.164883406326698179e+00
2.700436259648563819e+00
3.467569910601320693e+00
3.614541315897983331e+00
1.878276292873563014e+00
2.668014080893270190e+00
1.892999740753819049e+00
2.301298060219481911e+00
1.980672393918759822e+00
1.037027418114048638e+00
1.625687080788875694e+00
2.487047501265760019e+00
1.808722446626806146e+00
2.433040541566398485e+00
2.849620720381047523e+00
2.580166305883052402e+00
3.566599554018323737e+00
5.229219357456218020e+00
3.169688525429726678e+00
2.918110520183138767e+00
2.501191976282593377e+00
2.595498438457874535e+00
2.559349386427212547e+00
1.800691788927994530e+00
2.767451448474002706e+00
3.307908041718464087e+00
4.149902748793513396e+00
2.629440354910502098e+00
2.018496238442667234e+00
2.198402828095252115e+00
2.596303724670862234e+00
3.108687136061303313e+00
2.479176445091491487e+00
3.014246338181399754e+00
3.764823611059008979e+00
1.814554712000909120e+00
2.358728008312795943e+00
2.380530559013444680e+00
2.995618120025815845e+00
2.207184983254284472e+00
2.504887021728399610e+00
2.701524705862187403e+00
5.387424301580850283e+00
1.692224982608487416e+00
3.533391258056926887e+00
3.811904359310851031e+00
1.130779819029994915e+00
3.048763402761635710e+00
4.901097864410475680e+00
2.860295595361920018e+00
1.567488604804042840e+00
5.865058596495322796e+00
2.636415576762621171e+00
2.210414436973369590e+00
2.075428720143326800e+00
1.301831197038403332e+00
3.630130645018613489e+00
2.937730762620468727e+00
2.138207437008639911e+00
1.915974129630632738e+00
3.670171756660864482e+00
1.928067143160320907e+00
2.627106419591379360e+00
3.235567158170410185e+00
3.534744804305167687e+00
4.229137837121725418e+00
3.692342330478500134e+00
2.923160619401662164e+00
3.149346827084078093e+00
2.106130785907915026e+00
2.778583468488793340e+00
1.426385086575193473e+00
2.910546494662465289e+00
3.212182580592511272e+00
2.984688250746188487e+00
1.363255576893994458e+00
3.803020337403812512e+00
2.996230649743258034e+00
5.164638995884394568e+00
1.840752401946239791e+00
2.402175808446866068e+00
3.061512417294356858e+00
1.916077672856577596e+00
2.096978040334353199e+00
6.650531894583692427e+00
2.795162773515878829e+00
2.793219086200026791e+00
2.931088582537656695e+00
2.100146092219274063e+00
2.438223279759899942e+00
1.975321656671864323e+00
3.793325159719665773e+00
1.418078974977433848e+00
4.895553526975411351e+00
4.800906815440949771e+00
2.369967287638735876e+00
2.235734461515274329e+00
3.185357975301571720e+00
2.704713374075678356e+00
2.384200374206649542e+00
2.781124072202572961e+00
2.723144427342926832e+00
2.619711081594247037e+00
1.787951049145903193e+00
2.612066885079261436e+00
2.650813710708914694e+00
3.393950530280868794e+00
1.822420615279967127e+00
2.439130362053886447e+00
2.011147526967673294e+00
2.050485272409482640e+00
2.880998605649109034e+00
3.041869628951452853e+00
3.382000006601836528e+00
3.175320992189250013e+00
3.270978148794079221e+00
2.186690310412092497e+00
2.144126841336031930e+00
2.329111022853084467e+00
2.937621629072451501e+00
3.166445232046902536e+00
2.642149608227350122e+00
2.175688023170900376e+00
3.170412904157949630e+00
4.511297195101309221e+00
6.689212645088197462e+00
2.007461685615257174e+00
2.606295563351785916e+00
4.676581805842364936e+00
2.880579971167895881e+00
2.985319004349474614e+00
1.210460912549891743e+00
2.585494793486836862e+00
3.830108382749371820e+00
2.115163974497309862e+00
3.076163405230368575e+00
2.248168782326446014e+00
2.894119339358262710e+00
5.733935936940597777e+00
3.188122424512954467e+00
3.100622938213267510e+00
1.855831932465386247e+00
2.867109797156325079e+00
1.728638192138570728e+00
1.126416650128056141e+00
2.954007527553896839e+00
2.443245343979897566e+00
1.520959069132188146e+00
3.346570307024267610e+00
3.614693603388957843e+00
1.663239243612021800e+00
2.508194465544105967e+00
2.709353594762748951e+00
1.745258805043947481e+00
2.780053958501666589e+00
4.776753359551740630e+00
2.519847326024976297e+00
2.563209004956759074e+00
3.102636876605436633e+00
3.480038797268030670e+00
1.714082320090205780e+00
4.267141546402807961e+00
2.918992743444797089e+00
1.199797593468200363e+00
5.122269562307222301e+00
1.862681076752275455e+00
1.399391432058670004e+00
2.361216686516127705e+00
2.634698746644168033e+00
2.849934474133429152e+00
3.468765206984005367e+00
3.517716655912150880e+00
3.377712006060826333e+00
2.680873353152878114e+00
2.462436361477974955e+00
1.711252463338449159e+00
1.605876539790104696e+00
2.704650420855795101e+00
2.586056519904945894e+00
1.614212523197178006e+00
3.638995772605926327e+00
3.192846607272189274e+00
1.902307577738654443e+00
1.439277771734192468e+00
4.050814512260434874e+00
2.807030639759261259e+00
1.906898228532707629e+00
3.842953197499810347e+00
2.502054692110579293e+00
2.133381474990163618e+00
3.187719947865085945e+00
2.709315152733349219e+00
4.667956127610138672e+00
2.514807303095465851e+00
2.382675007008296486e+00
1.703399749222100024e+00
1.873465340075604502e+00
2.911543978843540437e+00
1.551070959176141795e+00
2.881923308237685610e+00
2.645625867929371822e+00
2.633836085064781063e+00
2.114442624671577065e+00
2.249621622723764869e+00
1.898504633234809003e+00
1.988728860035177348e+00
2.205262554670450292e+00
1.993447802261072876e+00
2.723588730220174003e+00
3.758445975914673998e+00
2.544746725373274732e+00
2.786590129011015105e+00
3.732334574344006839e+00
1.563176605666968477e+00
1.316577964295547742e+00
1.691873986982646016e+00
2.425068667293702518e+00
3.068449780838906626e+00
4.702533027389940834e+00
3.661782662315869352e+00
2.465797962983329761e+00
2.164041328609130677e+00
1.367624418884453741e+00
2.628390876608630577e+00
2.591197318650691805e+00
2.017347663589794227e+00
2.724944107570003382e+00
5.145395257748657691e+00
3.083098569695290614e+00
2.395525100330822887e+00
3.566674444895563401e+00
1.707052007235658309e+00
5.765926156350076326e+00
2.647070966551648308e+00
3.225337923220140457e+00
3.489066262624430870e+00
2.847688272963108780e+00
2.110642798516759289e+00
3.257527219628900461e+00
3.532255872175349420e+00
2.216668994853668195e+00
2.839529365922022652e+00
3.063056628180778951e+00
4.597327685416725096e+00
2.179666861998377225e+00
3.250997205112089450e+00
2.917191260304100364e+00
1.849999251724793847e+00
1.803536203708778762e+00
4.366169615404999149e+00
2.451355137639172010e+00
2.875622285940615974e+00
3.649947511369444175e+00
1.658957951204103276e+00
1.613203761545415338e+00
1.985508772296186164e+00
2.711652592128958705e+00
2.475564129502687560e+00
2.380394564488157894e+00
2.631819257051733807e+00
3.603624864020940510e+00
1.445938125488865911e+00
1.562145034821130762e+00
1.870151333744140221e+00
3.146443119548151923e+00
3.950846089876123735e+00
2.931581937683678252e+00
2.747312080347100949e+00
2.178281670268890746e+00
3.626601731812626905e+00
1.961955880428239762e+00
3.075904510429045668e+00
2.408165987225298288e+00
4.726053602476242510e+00
2.193941044349411396e+00
3.744888372722324554e+00
2.527236104263933303e+00
2.885084058097367343e+00
2.285608042264658302e+00
2.662543735055797445e+00
2.883976082934213814e+00
2.344659393814342518e+00
1.421571021440242166e+00
2.294888243301591579e+00
3.576666433948918922e+00
1.989526729833591689e+00
3.078543798802737097e+00
2.801446969124479658e+00
2.861283681867149209e+00
2.913627570640372699e+00
2.467965525013523287e+00
1.964441203839689676e+00
3.781422292851625233e+00
2.688657002044784416e+00
2.574677041170035263e+00
3.895806862997885478e+00
3.083735179087770728e+00
2.800807312343329247e+00
2.857917962473115026e+00
2.083745519808952729e+00
2.858936342946645670e+00
3.633977081956351718e+00
1.978547040325580930e+00
2.964479040602450599e+00
3.106039790491059716e+00
2.470155498535012928e+00
3.383542086688874573e+00
3.223673713037606081e+00
2.686595461124269502e+00
3.165986842225611220e+00
1.317062057346389148e+00
4.018919082082810235e+00
3.446234996984932852e+00
2.636425092853842411e+00
2.291682543503725800e+00
1.724649441970790731e+00
2.913509839603938278e+00
1.112407480946288940e+00
2.946154348094987885e+00
3.847459402528561778e+00
4.456979412626333570e+00
4.855289948097435193e+00
2.173891133928580910e+00
1.180121460664820043e+00
3.656929256750306667e+00
2.114523153504136221e+00
1.960498158218232145e+00
2.492433661047243287e+00
3.348411382427726402e+00
3.063706473733333269e+00
1.837755430400523693e+00
2.555879555162754002e+00
2.816512726941866607e+00
4.794627090046859053e+00
4.036397579554830806e+00
2.754740373945884446e+00
2.529669845966016073e+00
2.874909824479170428e+00
3.417610466311446160e+00
4.376133483644139233e+00
3.724616705550645612e+00
2.239509912637904332e+00
2.926166768191394318e+00
2.510983911146374314e+00
1.746655762254094357e+00
3.402906753015049190e+00
3.833489275909005567e+00
2.118590943200642229e+00
3.770608074424597334e+00
2.409009552171152979e+00
2.865372350513553990e+00
2.460818249923900414e+00
2.413638143645727041e+00
1.481680253744833919e+00
2.778026097628210067e+00
2.780737430964148160e+00
3.678360662812628856e+00
2.685523542142046249e+00
2.263565070683430491e+00
2.095048633133246518e+00
2.076464630335096206e+00
1.278120691299414080e+00
2.253721102300128898e+00
3.522860144060066645e+00
2.477400834534812635e+00
3.963173266597643352e+00
2.765963512458677442e+00
2.989234909497191506e+00
4.750562034710021031e+00
1.796372576886482220e+00
2.031351095916208216e+00
2.379013134430632448e+00
3.356924174729117638e+00
3.239570787322970880e+00
3.111293824966571364e+00
2.964688503951563803e+00
2.194699719227873658e+00
1.482683782777443282e+00
3.245483917640191507e+00
3.996172632261656421e+00
2.353788391825411885e+00
3.040891056142112969e+00
2.133993635563807612e+00
1.445980880476887220e+00
3.694607756117843422e+00
2.802793174943554622e+00
1.535686236508883029e+00
2.113982661475805713e+00
5.106152427288340512e+00
3.495216202322871002e+00
2.366110549628110071e+00
1.153594712805237510e+00
2.264156848604196970e+00
2.337854045927320268e+00
2.320153843054504783e+00
2.112532204775808609e+00
2.847417127300035045e+00
2.916773185189908357e+00
1.931037949084331462e+00
3.791379537754471674e+00
3.251202867879297020e+00
2.280084760491805529e+00
1.670079153708597053e+00
1.844966581089562352e+00
3.224433875432282992e+00
3.011092613792814898e+00
2.851957167061025977e+00
2.546860881412521760e+00
2.063695391777442989e+00
1.758394560348476743e+00
2.500901508407247675e+00
1.585050608314039655e+00
3.580812306724778349e+00
3.188410840830253612e+00
3.257631084240502517e+00
2.096865337749289626e+00
1.950077274607528999e+00
2.312082117544965953e+00
1.436207197057462581e+00
3.862529738162556736e+00
1.370570165291933540e+00
2.188042773441934763e+00
4.891715624665957662e+00
2.024758884944861226e+00
3.236682152350490504e+00
3.128569072213120972e+00
4.028724574878737030e+00
2.606344832773825893e+00
2.635723343943371155e+00
2.803109117336458844e+00
1.865636485597030658e+00
2.108836803690950834e+00
2.555976098567501520e+00
5.025849269231538408e+00
4.236966793352886285e+00
2.638973971030441401e+00
2.852151296339973996e+00
2.716616041408636661e+00
3.418654293526308230e+00
2.667533540335265130e+00
2.678720321429352236e+00
2.984394166590578656e+00
2.571332626460772097e+00
1.775795312778524204e+00
3.543374223471902784e+00
3.135843312982788511e+00
2.636245518929801523e+00
4.467617596967730975e+00
3.488974804082856984e+00
2.481268003084175167e+00
5.082824872588060039e+00
3.520861265806822349e+00
2.183427279095720319e+00
2.529459659703257479e+00
3.205610233087591965e+00
3.604291593724750165e+00
2.423232946414538347e+00
4.059473085831027284e+00
1.969706152579518754e+00
3.992946103068256480e+00
2.672256541529831164e+00
3.960294920860053747e+00
3.138380904200307686e+00
3.064663417587365934e+00
1.673820772622455877e+00
3.072989158210000404e+00
2.141432980961246457e+00
2.689260982950541390e+00
5.898053721132120231e+00
2.799256126225495578e+00
2.923330271668603597e+00
3.137667293404301283e+00
3.049163108245658282e+00
2.723343988373972291e+00
2.503063908484386424e+00
3.564963124345720935e+00
1.614946075138559367e+00
3.216375079801296444e+00
2.506068714360977445e+00
3.535106994235372557e+00
2.543283294636912828e+00
3.584447766413989100e+00
2.057093711466063901e+00
3.757513054502698235e+00
3.864685909975797085e+00
2.919357479709999481e+00
3.902966592620404906e+00
3.026775164970069376e+00
1.735390864421965773e+00
3.366545518386260039e+00
2.377192460603192892e+00
3.456456608959655341e+00
2.013600179170901505e+00
3.402826171686744505e+00
2.536587097221706610e+00
4.024926176624670227e+00
3.580189774205408515e+00
2.101849661566363991e+00
2.474877578933227351e+00
2.540520521522413144e+00
3.717082639342409678e+00
2.756724492243726399e+00
4.108618196562682456e+00
1.949193708926458823e+00
2.875533580136043543e+00
3.227669390189202403e+00
2.156386045627284975e+00
4.290955886210020331e+00
2.602120147813726359e+00
3.955964345291423268e+00
1.958054736003453034e+00
1.580077739388335401e+00
4.881920163846409366e+00
2.537709271241006537e+00
2.016535311061889768e+00
1.577098544566499561e+00
2.157513722090058206e+00
3.033812587089211643e+00
2.497210751705149612e+00
2.931173882407005937e+00
5.703531358861162914e+00
2.906023036161789808e+00
2.335820387808352105e+00
1.936518661290732135e+00
1.468685704279011794e+00
2.166207822599960586e+00
4.919631535440299075e+00
2.555822312620535275e+00
3.064445622966603278e+00
2.051029497309757144e+00
1.825988201469185501e+00
3.197001787108361359e+00
3.386600302261030038e+00
2.246828136129383591e+00
2.658134613559168358e+00
3.496782065468423628e+00
3.021399535026899841e+00
2.047534567044067888e+00
2.261912747476678476e+00
4.413906153934730625e+00
3.375390105737118063e+00
2.206007062552007625e+00
2.713885376232462399e+00
4.396628042636938183e+00
3.937927769467952643e+00
2.259943546754129784e+00
2.855124162981027336e+00
1.419377265902587837e+00
2.623968386320115531e+00
1.719136311233021353e+00
5.028599933753755025e+00
2.517571043668768827e+00
3.055683910418757421e+00
2.427142780990772408e+00
