2.248940230315726652e+00
1.662854556308689391e+00
4.073755404111031986e+00
1.100018891027313206e+00
1.403675446571545526e+00
2.740159899728352499e+00
1.592541199652395045e+00
1.857942605058508834e+00
1.655043426464588130e+00
1.786910047601587559e+00
1.137734043311279919e+00
1.451053599437028829e+00
2.148286633456121919e+00
1.894779777271354382e+00
2.437606492817480319e+00
2.960557951959978062e+00
1.242309150722436417e+00
1.831742348042628477e+00
1.471625764813220494e+00
1.983492395013051635e+00
1.506871056482417925e+00
1.817788263338939725e+00
1.202582624965720326e+00
1.354711952757604809e+00
2.353976950752012964e+00
1.916731453648305772e+00
1.739313256134454866e+00
1.446257116151956179e+00
1.458114537766979746e+00
2.096485964340742303e+00
1.996347241166591235e+00
2.037021732014948849e+00
1.820697869362257082e+00
2.424585744216646077e+00
1.531164586966230701e+00
1.845854227811727588e+00
1.176262895793886765e+00
1.299055500780653238e+00
1.665680010624331686e+00
2.918041279087981277e+00
2.252084467417188041e+00
1.647049731193510169e+00
1.920251325494048533e+00
1.323560743629966119e+00
1.368037818228488911e+00
1.553718067724419338e+00
1.221453330736576692e+00
1.502166602569613207e+00
1.589749771668286682e+00
1.244609574376805083e+00
2.147088914711560381e+00
1.373819548326439488e+00
1.934137873706637256e+00
1.724564460369450769e+00
1.468812921174785791e+00
1.631234460472099412e+00
1.528776016235806168e+00
1.220932649806712789e+00
2.395544935372219797e+00
2.206030963135217515e+00
1.728807883553236557e+00
1.415031242343962159e+00
2.028200569880997062e+00
1.278150695184868679e+00
1.669489759735713674e+00
1.556312875855755840e+00
1.455729112015568871e+00
2.155840025095937751e+00
1.221143434028840291e+00
1.514187937335369494e+00
1.019791123626883067e+00
1.107055962924100800e+00
1.442091221274304891e+00
1.535577407707019448e+00
1.306228869039111062e+00
1.719806603639857379e+00
1.566892882292407307e+00
1.887811971997721106e+00
1.628638548298450228e+00
1.888576591350125122e+00
1.931055769875230421e+00
1.726381745610805929e+00
1.108355305300150695e+00
1.682587404940883102e+00
1.200547049700419810e+00
2.270964936643792953e+00
1.183050750183681110e+00
1.712762880239085739e+00
1.550354619594489947e+00
2.973478081725510425e+00
1.409448590466944706e+00
1.998971649708080278e+00
3.110999687992718865e+00
1.289152721704011739e+00
1.832807194605351908e+00
1.592399454921974655e+00
1.050913661515054720e+00
1.550966527670699424e+00
1.953924890145359416e+00
1.303130692564659077e+00
2.846532667802671668e+00
1.086392084820788195e+00
1.958303822416727957e+00
2.021336336093791264e+00
1.094747790531309661e+00
1.958531027801460489e+00
1.318300631940827250e+00
2.096476812650724497e+00
1.128527408308448665e+00
1.048410222133622227e+00
1.423915287090316451e+00
9.504238711402260842e-01
1.525689910332347354e+00
2.267911211645766478e+00
2.479901980325895927e+00
9.934736363241730706e-01
1.352864343176471529e+00
2.351207347119500746e+00
1.488695383689322194e+00
1.716255548927425600e+00
1.367978208096373827e+00
2.734403072019035541e+00
1.315374643343662608e+00
1.766863558643910759e+00
3.201180893524620874e+00
1.254881759885194903e+00
1.104839462353982560e+00
1.551936488927703195e+00
2.061450442016044882e+00
2.607649561591397713e+00
1.490292093388115413e+00
1.267720998995471193e+00
2.075820840276858092e+00
1.414824735230007402e+00
1.706221981166303081e+00
1.703876329772010312e+00
1.472032392528984657e+00
1.489375207932509770e+00
2.643239735533297718e+00
1.656224154774753377e+00
1.422158189140392714e+00
1.295754484904928505e+00
1.851843912802924708e+00
2.190500198690948697e+00
1.631812790304400629e+00
1.445738709080323758e+00
1.247902846212846084e+00
1.243631650899396091e+00
2.089083781443262566e+00
1.169327386945748337e+00
1.454715400730623109e+00
2.538885699679444219e+00
1.288863371015256831e+00
1.192559134581785862e+00
1.465679805136028246e+00
2.314465283662948902e+00
1.271533304032951284e+00
2.423612567074623136e+00
1.295367411251429512e+00
1.683707095926682440e+00
9.470519431522337328e-01
1.236419444383689115e+00
2.882876873075653990e+00
9.233699813476635709e-01
2.541873895100940750e+00
1.387182433175454088e+00
1.678591625632671391e+00
1.626464795371793448e+00
1.424167052984965487e+00
3.120301298380555366e+00
1.194834966945360843e+00
1.742050734325343520e+00
1.430855045928125291e+00
1.214620188920466637e+00
1.430617727724068367e+00
3.120423930889111297e+00
1.453191536648409388e+00
1.742899146232328667e+00
1.621320698431986784e+00
1.721787574037812130e+00
1.264533791276951646e+00
1.794325144321449850e+00
2.278840509766476341e+00
1.461573631545963092e+00
1.812523525040996786e+00
1.504621688121361434e+00
1.402010639154174898e+00
8.499760627180904526e-01
2.147621448838892722e+00
1.395903142221750937e+00
1.767794451999415317e+00
2.079164368494500259e+00
1.236635862004850539e+00
1.323583138404695880e+00
1.398568531641548596e+00
1.716992608508246310e+00
1.610565302786842734e+00
1.237262175674098907e+00
2.195011936289356314e+00
1.656527709445205998e+00
1.756862495764508481e+00
1.306376704687895574e+00
9.960121779488263494e-01
1.220982585957079092e+00
1.712128143737452479e+00
2.076531831962902697e+00
1.006293284100677310e+00
1.205486260562142808e+00
1.302626063342007035e+00
1.053034689977512706e+00
1.539655380319356892e+00
1.115655445300037352e+00
1.361498648091183705e+00
1.179743582671685775e+00
2.067002292932784702e+00
1.448560967530126753e+00
1.897452113879928515e+00
1.327272479575571040e+00
1.795812860863572835e+00
1.455108825146078200e+00
1.394965017362599369e+00
1.153130561825100431e+00
1.559158503711950861e+00
2.156172890051170743e+00
2.997704653699359678e+00
1.751282984631936657e+00
1.056008067899701697e+00
1.606214524050341375e+00
1.114506162647883825e+00
2.044876228021155651e+00
1.736432091054772808e+00
1.756074842459670604e+00
2.079862904226849718e+00
8.711460813287564831e-01
1.506832267702385098e+00
1.212880900671405415e+00
1.843388347375912950e+00
7.631436707601856329e-01
1.186974257933641086e+00
8.346574583428814087e-01
1.365084906111152074e+00
1.946952640501228515e+00
1.242586741822726770e+00
7.129222272198166843e-01
2.030569135638122802e+00
1.386249298292535848e+00
1.337232560188350572e+00
1.916239155303437025e+00
1.379708839838131418e+00
1.775708885039752660e+00
2.310987724601560434e+00
1.558360695362262183e+00
1.832110047538618280e+00
1.125639954431441936e+00
1.709027359203734830e+00
1.706157012187221156e+00
1.955067485518706683e+00
1.300840970659651985e+00
1.877448218263586988e+00
1.509200068509913839e+00
1.353946781867031657e+00
1.668790861491389999e+00
1.602547344914018623e+00
1.583925959914209924e+00
1.502562127678777504e+00
1.897983959092995887e+00
2.209825852241350752e+00
1.951493863719288901e+00
2.028460797299034279e+00
1.484136507547111794e+00
1.508418658673388979e+00
1.360230619424805942e+00
9.905411428530946916e-01
1.251818172302612053e+00
1.604231864074691316e+00
1.662712870548148869e+00
1.601070577727787825e+00
1.419557393816399005e+00
1.656624895122074115e+00
1.458699539119622690e+00
1.803988717000758468e+00
1.982111550424129121e+00
1.333838716082662579e+00
1.824182633827707845e+00
2.062759337268363247e+00
1.542848762454806177e+00
1.712857207863111020e+00
2.941972728821462546e+00
1.848549740647694728e+00
1.286677199089763191e+00
2.349277893326408684e+00
1.611841333294437240e+00
8.115545182960535175e-01
2.570106185702794477e+00
2.299089286629838025e+00
1.162488757094745084e+00
1.556726147342608169e+00
2.647578545447027754e+00
1.202087906866838640e+00
1.037943293877871875e+00
2.559439861005464945e+00
1.210294830232852004e+00
1.745132635337684812e+00
1.347041285366291863e+00
1.943878280428022798e+00
1.342236856082908769e+00
1.569224255756616726e+00
2.380569772047628430e+00
9.643080868973816777e-01
1.512284435574328567e+00
9.617546494160669202e-01
1.443898508024649363e+00
1.442344975554481046e+00
1.182931680687814291e+00
1.826691906553890687e+00
1.520421704570671828e+00
1.814682794721693249e+00
1.240643054507660992e+00
1.746697920398422088e+00
1.911094159074605781e+00
1.876636830440734593e+00
2.220605827830013368e+00
2.193311182696480177e+00
1.737327705975916459e+00
1.767591492120496266e+00
1.103226773194345034e+00
1.238957610500698081e+00
1.481778318712145603e+00
1.339122413835068803e+00
1.348847778488851956e+00
9.957300702666166403e-01
1.689167176461659814e+00
1.021009068989592317e+00
3.169501607007351840e+00
1.038814585307546112e+00
1.300315135204028305e+00
1.132264673877691141e+00
2.068661439658326717e+00
1.464582480330580250e+00
1.262050679288049704e+00
1.614711057186848375e+00
1.885232129885892283e+00
1.759971512208250433e+00
2.262153931670221052e+00
1.077794617777835251e+00
7.225729508400369205e-01
1.590068317649611984e+00
1.789585429796839877e+00
2.032491142342343959e+00
1.889364364293182552e+00
1.514568343704573605e+00
2.092026780460352509e+00
9.681261737535550305e-01
1.780990472054263751e+00
1.743904796176855232e+00
9.522721802462865703e-01
1.847828459256784628e+00
1.356354174680654445e+00
1.713314527991431468e+00
2.221801142557566777e+00
1.348499529620025061e+00
7.166367428955867647e-01
9.961985294159632076e-01
2.540952021631134539e+00
1.328827093316560681e+00
1.065460287424865315e+00
1.167475606582131231e+00
1.466260745301259050e+00
2.012023621957509167e+00
1.142598810378536500e+00
1.151585946392640336e+00
2.023611862250868310e+00
2.717032858857642896e+00
1.977953902830686284e+00
2.324098683833105028e+00
1.656512969553989301e+00
1.162852751640293336e+00
1.139512742238559362e+00
1.434737176095769451e+00
1.638034727297252635e+00
1.811951680811894727e+00
2.916088982723322065e+00
1.640128149623364173e+00
1.970786881819616809e+00
9.549942065613724607e-01
1.615555066793496586e+00
1.471334958722733122e+00
1.583122794407662681e+00
1.701818748311452634e+00
2.183753784416440524e+00
2.026938865643479470e+00
1.715038571983263260e+00
2.009138032652805883e+00
1.942035004258942266e+00
2.205719537227468496e+00
1.835001567057743310e+00
1.755628678281599075e+00
1.477507901317036909e+00
1.449666540438365292e+00
2.214671591442573195e+00
1.524302409873452557e+00
2.328409545756574772e+00
1.355419269233331114e+00
1.707647661377716952e+00
1.921835646612659598e+00
1.153747432937208606e+00
1.555193335305660618e+00
2.134705426802427475e+00
1.328290642428023638e+00
1.933611666687363062e+00
1.052748578585080086e+00
1.903542321098177892e+00
1.136089809617189861e+00
1.152634087831790888e+00
1.713337918134200777e+00
1.558276812412806578e+00
1.309208831731075717e+00
1.459957211990568382e+00
1.278111268393407718e+00
9.327069660278477503e-01
8.933106931009210383e-01
9.819635619365350010e-01
1.449778312581759154e+00
1.039462339420514914e+00
1.653132760559453018e+00
1.579362234684068111e+00
1.240335114135095340e+00
1.355382694849174507e+00
1.868984323794631752e+00
1.270118028740635063e+00
1.710704608124211656e+00
1.575767435054047150e+00
1.548331239112450852e+00
1.471817326667002268e+00
2.761398511115012777e+00
1.051585215756249969e+00
1.699188273818154515e+00
2.228524503120849598e+00
1.459206362665461665e+00
2.352239487270178842e+00
1.416573974500106914e+00
1.396903190414464868e+00
2.101730163866533552e+00
1.104694845911725398e+00
1.351149721336970533e+00
2.499946301204158949e+00
1.476387526872091627e+00
1.556580357635565903e+00
1.239364805154363536e+00
1.858582958235103666e+00
2.353238994430973730e+00
2.380073376838254706e+00
1.463141224201169877e+00
1.751049844372213560e+00
1.907900595238047670e+00
1.577233560049107641e+00
2.074590977446752582e+00
2.231914488231935945e+00
1.575450171873500116e+00
1.207532730868527082e+00
1.735187355024678357e+00
1.749429807329910158e+00
2.067912958125546208e+00
1.454719583028498242e+00
1.490962428010756069e+00
2.046668341313430339e+00
2.708664575311309886e+00
2.439373229658087894e+00
1.742622414333823810e+00
1.059968830264634621e+00
2.195823862094773649e+00
1.227748773229140111e+00
1.303858822224837732e+00
2.885120382953582308e+00
1.785438653524759278e+00
2.009760309779727194e+00
7.951508767890758111e-01
1.442333077544416975e+00
1.280405221173122277e+00
2.283042645270993098e+00
1.748084981850091424e+00
1.307545324622574778e+00
1.369254732921985296e+00
1.869782816603689390e+00
1.929298960735743584e+00
2.178465333456421682e+00
2.419832072031662396e+00
1.142651086581115916e+00
8.873009705609218312e-01
2.181992618457390343e+00
2.193341391784657812e+00
1.294847702721031224e+00
1.645647565908564980e+00
1.732896709709496941e+00
2.111567925813027102e+00
1.405359302164292279e+00
1.386708359732867990e+00
1.897872906561904660e+00
2.047479131499041927e+00
2.193323532620741645e+00
1.395092670736125973e+00
1.923724508178147108e+00
1.866104054306527260e+00
1.121692061853411415e+00
1.371381049917432149e+00
2.129809857348484048e+00
1.796415943332073439e+00
1.220882969612662405e+00
2.125538012787557829e+00
1.956761301154031241e+00
2.439527914225898098e+00
1.404472162433348714e+00
1.352486586705187177e+00
1.217313676570874081e+00
1.608093932125530978e+00
1.853326382632740410e+00
9.964700316889795184e-01
1.561095518954980221e+00
2.190626560508404985e+00
1.513801993064735507e+00
1.253653271408098346e+00
1.668174142317471631e+00
1.338885816118213778e+00
1.197673641236499442e+00
1.633565806954672572e+00
1.654602412609976092e+00
1.161793592603569847e+00
1.869454265323324815e+00
1.286538301353530089e+00
2.823784860577083666e+00
1.411451764431177036e+00
1.982272025574465912e+00
2.212294146492878699e+00
2.141142591073463830e+00
2.713155541607903842e+00
1.433151648064893813e+00
1.398727588760228846e+00
1.495454368419602886e+00
2.916573496357321549e+00
1.987416664343174544e+00
1.748321442636724621e+00
1.186298779977175366e+00
1.859730040939190809e+00
1.417379579806617551e+00
1.060881317803917812e+00
1.602955582990037930e+00
1.599925385668742317e+00
1.705228052222903745e+00
2.420071222849053516e+00
1.778712321392198925e+00
1.664499271586724838e+00
1.177533718255891593e+00
2.287655554820251957e+00
1.658798134734185581e+00
1.047869614204302691e+00
1.193302496347220076e+00
1.165765714602608583e+00
1.690250125633729672e+00
1.436404930473487607e+00
1.726970234572272167e+00
1.227502777655075761e+00
1.570611545864461833e+00
7.843181032701446176e-01
1.661038474475669879e+00
1.753717854391228181e+00
2.304159500897275059e+00
1.665181623060930205e+00
1.066727317217109672e+00
2.375953785581437661e+00
1.677486364715512490e+00
2.015487974702712570e+00
2.361534777412970243e+00
1.601962081038927899e+00
1.688037326193683629e+00
8.699490921873588301e-01
2.153428125863802389e+00
1.949862205479201194e+00
1.739628641979279466e+00
1.677001086856598766e+00
1.690179843587974240e+00
1.277487239665496155e+00
1.145587117897987728e+00
1.648201865608814209e+00
1.012720496500986167e+00
1.578101046202242230e+00
1.418650832975562492e+00
1.191559380338839125e+00
1.750765991923749931e+00
1.362372377424870606e+00
1.024609383346629210e+00
1.770298126064153044e+00
2.443570900259099954e+00
1.827720624512251035e+00
1.817168303138283703e+00
1.514384028479415223e+00
9.614849069330304587e-01
1.914751676700871874e+00
1.471684839222112462e+00
1.517439690036239908e+00
1.407964742534285829e+00
1.582432792687542111e+00
1.929059819698373035e+00
2.674635626445615255e+00
1.342286800264622215e+00
1.427508922463791130e+00
1.750663730215136882e+00
2.141149525996612013e+00
2.932306028708357104e+00
1.319969048479755047e+00
7.688342117923664398e-01
2.048328402582977770e+00
1.276359570343447603e+00
1.708319948860372195e+00
1.376998447149267335e+00
1.577409066112077873e+00
2.640959281484371868e+00
1.619725595815871833e+00
4.284970596408089527e+00
9.853823165117118199e-01
1.608278544390145059e+00
2.611866754578136884e+00
4.346306254144537640e+00
1.449979626632776020e+00
1.177765365081330673e+00
1.497722934884405444e+00
1.032120685692501816e+00
1.923921277164841515e+00
2.457453946412025303e+00
1.205170860483027351e+00
9.119225175295443409e-01
2.189262791751541481e+00
1.221465407111179013e+00
1.679525130011055856e+00
1.609311734463978905e+00
1.279971853767026824e+00
2.802954541020436174e+00
9.902998627010106691e-01
1.230574780722175854e+00
1.503525874589522360e+00
1.427756246869064327e+00
1.579364340680935674e+00
1.256956992548183161e+00
2.818218405514310465e+00
1.665796332955763459e+00
1.392915701663449468e+00
1.814221527248215615e+00
1.721214909196913778e+00
1.172522531074590146e+00
1.618521777634987169e+00
1.714602524093742808e+00
1.481078933981555767e+00
9.832703205110056022e-01
1.157614206061856610e+00
1.096724299739173736e+00
1.689850818565218349e+00
1.340751930688303784e+00
1.359692117187579985e+00
1.607451729178825062e+00
1.160905515909916197e+00
1.251442817565137755e+00
1.199255807140668706e+00
1.030346607517355295e+00
1.262074302099225109e+00
1.690493318621217211e+00
2.000658475269573078e+00
1.217766699798003893e+00
1.367562475121125054e+00
1.201512083118959406e+00
3.158560837457417669e+00
1.260480160111287606e+00
1.697227049395142018e+00
1.270266395569932039e+00
1.367204456292676173e+00
1.313871652949035962e+00
1.975113189022738247e+00
2.025158816665950656e+00
1.862563897426577686e+00
1.611066233032695028e+00
3.101799248975756207e+00
1.606304566655881061e+00
6.413247671400414962e-01
1.533719709862619407e+00
1.090615834573067211e+00
1.347331422670767553e+00
2.054143489281847312e+00
2.725295666061183564e+00
3.918035812255521222e+00
1.731474948294928096e+00
1.310817905877383449e+00
1.321901556631010610e+00
1.625528780754889047e+00
2.088589692920191698e+00
1.004131733023615247e+00
3.717949987614919127e+00
1.344940699958051322e+00
9.648531444783102762e-01
8.681883450463432350e-01
1.615464524509802269e+00
1.357260085480078038e+00
1.542717994978147988e+00
1.523694810846771386e+00
1.171630148884486244e+00
1.240296057603793578e+00
1.408357110809000723e+00
1.245626660883375925e+00
1.199513345418150800e+00
1.617802231849183592e+00
1.892003529927883454e+00
9.941828724353289903e-01
1.350359635289632765e+00
1.046302069821868574e+00
1.588860450098761978e+00
1.488551464777392530e+00
1.641309735754320043e+00
2.722696957238568860e+00
1.568417750632814078e+00
2.413419087842254118e+00
1.218622537095711333e+00
1.859359358738425394e+00
1.435339019236085534e+00
7.342090415322900521e-01
1.442518069247402002e+00
1.686655943513181155e+00
1.059088297541796120e+00
1.291148854718314976e+00
1.100894929122437027e+00
1.769802750377737155e+00
1.543658460202662397e+00
1.808153929488216738e+00
1.555521303287156210e+00
1.624368857737111815e+00
1.090311785578631065e+00
1.598682381885395687e+00
2.179371551089603010e+00
1.152717408595318238e+00
1.649246226639003554e+00
2.530665571920093448e+00
1.773898792449990491e+00
1.394921045550185923e+00
1.337351688932938432e+00
2.051411399565512550e+00
2.145950693615869209e+00
1.955588230969240282e+00
7.464823105408416870e-01
1.907099346641472959e+00
1.791292923522504132e+00
9.447994756741372457e-01
1.870704270086698928e+00
1.733611195681932005e+00
1.798839389599510952e+00
1.574874943569779973e+00
1.398063936176586530e+00
1.390430551027350692e+00
2.594405677455931425e+00
1.070789656976464999e+00
2.306098516192445658e+00
2.495768219186622616e+00
2.350096237363283880e+00
1.253476426799932320e+00
1.112083171807968451e+00
1.575868648752457357e+00
2.395861635186199656e+00
2.852822726679111298e+00
1.817882891294017478e+00
1.195006379018167531e+00
8.754976903732019089e-01
1.672608678381303893e+00
8.891846654517965298e-01
2.195882626198400800e+00
9.392821162521359790e-01
1.287689720954423134e+00
1.595019177303123703e+00
1.740471790408606445e+00
1.280127020596614651e+00
1.681391896239349482e+00
1.204815071201096321e+00
1.303796358828770874e+00
9.862370941453841855e-01
2.124444042003235555e+00
1.936588122046858595e+00
1.746669579628521873e+00
1.154373009738515421e+00
1.476329108832174830e+00
2.499459509692749659e+00
2.153871152548455292e+00
1.221584947127936305e+00
1.293162015209642135e+00
1.152070909751677030e+00
1.772161201194730085e+00
1.179576227252473908e+00
1.643735879798906563e+00
1.210637902818070710e+00
3.260201165977621329e+00
2.579583133394555361e+00
1.219291937407954274e+00
1.409031369611902784e+00
9.818879388275785214e-01
1.581922988033289457e+00
1.507558439951767415e+00
1.381614507762042532e+00
1.157083571892941087e+00
2.075675423598033031e+00
1.293980497355251336e+00
1.127514243788963588e+00
1.693931099724249600e+00
2.602256278149495561e+00
1.730815246520745587e+00
1.225461739092644553e+00
1.790074085265993986e+00
2.423078619229049657e+00
2.136867955483700232e+00
1.499089898541107413e+00
1.268249472711174608e+00
2.193577912509227623e+00
2.955368401486375696e+00
1.374224974134728994e+00
1.530411704396547723e+00
1.772766047434086278e+00
1.519064399491458994e+00
1.661438084239322377e+00
1.343422836139091636e+00
1.280012520019448763e+00
1.560404309484123786e+00
1.731898516230610641e+00
1.548461970268912857e+00
2.470122965788327907e+00
1.831559999609871481e+00
1.830740285371502241e+00
1.232628823255011774e+00
1.507871120436783396e+00
1.271144543962645646e+00
1.507118170494757825e+00
1.245049446744652011e+00
1.227901338525564157e+00
1.731190383319082038e+00
1.376354367973467552e+00
1.781011148784588105e+00
1.082581974641118938e+00
1.486664284727742036e+00
1.433894737097024530e+00
1.404124300805315917e+00
1.348495848111633366e+00
1.820466975983592084e+00
9.094884409495066491e-01
1.227894259452040560e+00
2.615936557526453932e+00
2.565687087928313126e+00
1.625975490840304127e+00
1.861466470485731772e+00
1.578380511934581953e+00
1.473009140293992658e+00
1.657360442809064027e+00
1.533499631912857541e+00
2.006258198212089283e+00
1.579928911807567671e+00
3.024408540244592380e+00
8.333655812830871312e-01
9.995522498265662081e-01
2.417055560989823437e+00
1.510231071399876557e+00
1.544793008968009307e+00
1.582888183552817685e+00
1.512564951734044705e+00
1.388770302688079550e+00
1.428715516476308345e+00
1.113426688033621215e+00
2.152392766104950894e+00
1.629062546158162705e+00
1.644968566349131800e+00
3.139484216909749215e+00
2.121680844471959926e+00
2.726985894003333577e+00
1.286926569974848888e+00
1.689486007662048150e+00
1.362744602832327345e+00
2.605142553682282980e+00
2.492223500996640251e+00
2.175288879302971434e+00
1.544690750668866519e+00
1.629445402643204810e+00
1.331237341750193703e+00
1.422310969615978138e+00
1.651333609033881267e+00
1.219112799640823752e+00
1.466697780149315067e+00
3.442476213342395841e+00
1.637260320815704162e+00
1.786448104766447553e+00
2.526160530440970664e+00
1.176937802151373225e+00
2.447064601319564492e+00
1.298944241905679586e+00
1.510352215314557878e+00
8.637454405620835773e-01
1.755729453516808647e+00
2.305527310039244604e+00
1.643685663212220982e+00
1.695597554968261589e+00
2.376646210771130807e+00
1.773176478518737387e+00
1.626209242023935131e+00
2.203305562028389897e+00
1.579903283097410016e+00
1.780362275838148323e+00
1.176162543285163453e+00
1.687950697809317280e+00
3.144961622176499993e+00
1.544396419799527242e+00
1.416111246470465490e+00
1.801619610799710225e+00
1.102264615096051115e+00
2.593314950920475592e+00
1.173192167519760520e+00
1.545777885860056822e+00
2.461631554975276082e+00
1.120137622413781564e+00
1.749645944960457555e+00
3.027113883746034073e+00
1.797470571447691512e+00
1.530932876574657930e+00
1.971215833063154843e+00
7.055203668048255494e-01
1.740479219981825976e+00
1.254296946298836035e+00
1.848685662770251925e+00
1.859607776414873292e+00
1.483465406908864859e+00
1.399715275284274529e+00
1.571326158474315449e+00
1.208167506321432993e+00
1.307010773176603635e+00
1.736626740886312525e+00
1.011512333936041230e+00
1.007890739529220481e+00
1.810932672997252135e+00
2.343191689318088411e+00
1.765648023113527421e+00
1.250125828140348894e+00
1.204556399652801257e+00
2.522303859199706011e+00
1.288371192602385307e+00
1.498816378773117908e+00
1.517203905562182209e+00
1.076058132708020976e+00
2.194191023628365045e+00
1.247499321834514285e+00
1.052038733772669765e+00
1.494280606487238927e+00
1.064248274093188229e+00
1.343964078064787238e+00
2.508079536660034581e+00
1.186245966891269266e+00
1.451217808330764081e+00
1.352328623560809850e+00
1.306642505202466609e+00
1.497888419035029450e+00
1.524569363262525457e+00
1.413260655799691623e+00
1.388643404877469401e+00
1.168940549562909936e+00
1.834653643474312146e+00
1.272513394282659194e+00
1.594565001090170187e+00
1.967429353125195401e+00
1.599981626745434093e+00
8.896569001856099446e-01
1.218407706511241972e+00
1.762725441780444768e+00
1.541260282438120521e+00
1.128002987139572033e+00
7.757557517100375222e-01
1.558905092488000355e+00
1.883789174242067599e+00
2.000815187042380039e+00
2.051776260776307481e+00
2.040337707234361808e+00
1.899509006973919778e+00
1.792254498291435683e+00
1.425302096451384504e+00
9.409996871674409791e-01
9.416932760483219811e-01
1.412767040809864483e+00
1.618980266673037516e+00
1.918917413108479186e+00
2.014461328789638017e+00
9.858997797446552580e-01
1.014943999026372667e+00
1.900089569684794810e+00
2.060703935512463225e+00
2.386873972096936303e+00
2.494342521310203065e+00
9.153657797318854872e-01
1.759181498549858391e+00
1.720397526906395580e+00
1.572185930817552091e+00
1.363446559478838305e+00
1.772323327574911067e+00
1.920584584797298433e+00
1.350309194768374521e+00
1.444566764703707040e+00
